0.0 1.0 0.0 0.0 0.0 0.0 1.0 0.0 0.0 0.0 0.0 1.0 0.0
1.0 1.0 0.00072 -0.000687 -0.014018 -0.00072 1.0 -0.00013 -0.028203 0.000687 0.00013 1.0 1.198998
2.0 0.999998 0.001431 -0.001366 -0.027874 -0.001431 0.999999 -0.000258 -0.056081 0.001366 0.00026 0.999999 2.384181
3.0 0.999996 0.002146 -0.002049 -0.041803 -0.002146 0.999998 -0.000386 -0.084106 0.002048 0.000391 0.999998 3.575628
4.0 0.999992 0.00286 -0.002732 -0.055735 -0.002862 0.999996 -0.000515 -0.112136 0.00273 0.000523 0.999996 4.767291
5.0 0.999988 0.003577 -0.003417 -0.069707 -0.003579 0.999993 -0.000644 -0.140244 0.003414 0.000656 0.999994 5.962283
6.0 0.999982 0.00429 -0.004099 -0.083626 -0.004294 0.999991 -0.000773 -0.168246 0.004096 0.00079 0.999991 7.152769
7.0 0.999976 0.005005 -0.004782 -0.09757 -0.005009 0.999987 -0.000902 -0.196298 0.004778 0.000926 0.999988 8.3454
8.0 0.999969 0.005719 -0.005465 -0.111499 -0.005724 0.999983 -0.00103 -0.224319 0.005459 0.001062 0.999985 9.536762
9.0 0.99996 0.006432 -0.006148 -0.125431 -0.00644 0.999979 -0.001159 -0.252345 0.00614 0.001199 0.99998 10.72832
10.0 0.999951 0.007146 -0.006831 -0.139362 -0.007155 0.999974 -0.001288 -0.28037 0.006821 0.001336 0.999976 11.91983
11.0 0.999941 0.007859 -0.007514 -0.1533 -0.00787 0.999968 -0.001416 -0.308407 0.007503 0.001475 0.999971 13.11191
12.0 0.999931 0.008436 -0.008163 -0.167141 -0.008449 0.999963 -0.001521 -0.336295 0.00815 0.001589 0.999965 14.30348
13.0 0.999906 0.010215 -0.00911 -0.181814 -0.010232 0.999946 -0.00184 -0.365424 0.009091 0.001933 0.999957 15.49659
14.0 0.999905 0.009943 -0.009559 -0.195073 -0.00996 0.999949 -0.001783 -0.392444 0.009541 0.001878 0.999953 16.68758
15.0 0.999904 0.009374 -0.010151 -0.208176 -0.009389 0.999955 -0.001454 -0.419151 0.010137 0.001549 0.999947 17.88104
16.0 0.999903 0.009037 -0.010638 -0.222069 -0.009049 0.999958 -0.001052 -0.445081 0.010628 0.001148 0.999943 19.07663
17.0 0.999893 0.00927 -0.011333 -0.237295 -0.009293 0.999955 -0.001972 -0.471514 0.011314 0.002077 0.999934 20.27019
18.0 0.999889 0.009007 -0.011828 -0.253156 -0.009043 0.999954 -0.003012 -0.497782 0.0118 0.003119 0.999926 21.46468
19.0 0.999874 0.009613 -0.012639 -0.270764 -0.009644 0.999951 -0.002411 -0.524744 0.012615 0.002532 0.999917 22.65883
20.0 0.999862 0.00985 -0.013361 -0.288791 -0.009881 0.999949 -0.002277 -0.55273 0.013338 0.002409 0.999908 23.85296
21.0 0.99985 0.009852 -0.014275 -0.307115 -0.009897 0.999946 -0.003042 -0.581233 0.014244 0.003183 0.999893 25.04684
22.0 0.999835 0.010115 -0.015105 -0.327351 -0.010157 0.999945 -0.002703 -0.606984 0.015077 0.002856 0.999882 26.2431
23.0 0.999832 0.009255 -0.015808 -0.347249 -0.009265 0.999957 -0.000534 -0.632943 0.015803 0.000681 0.999875 27.44168
24.0 0.999823 0.008611 -0.016705 -0.367798 -0.008618 0.999963 -0.000328 -0.656564 0.016702 0.000472 0.99986 28.63712
25.0 0.999815 0.007985 -0.01752 -0.389214 -0.008016 0.999966 -0.001704 -0.682426 0.017505 0.001844 0.999845 29.8283
26.0 0.999801 0.007461 -0.01851 -0.411276 -0.007509 0.999969 -0.002504 -0.70872 0.018491 0.002642 0.999826 31.02794
27.0 0.999784 0.007873 -0.019259 -0.435716 -0.007922 0.999965 -0.002506 -0.735647 0.019239 0.002658 0.999811 32.23193
28.0 0.999774 0.007404 -0.019917 -0.459653 -0.007444 0.99997 -0.00195 -0.763253 0.019902 0.002098 0.9998 33.42024
29.0 0.999763 0.007159 -0.020562 -0.484698 -0.007196 0.999973 -0.001689 -0.791594 0.020549 0.001837 0.999787 34.6148
30.0 0.999758 0.006403 -0.021055 -0.509819 -0.006438 0.999978 -0.001613 -0.818272 0.021044 0.001748 0.999777 35.81256
31.0 0.999745 0.006469 -0.021649 -0.536706 -0.006506 0.999977 -0.001615 -0.845783 0.021638 0.001755 0.999764 37.00928
32.0 0.999746 0.005596 -0.02185 -0.562741 -0.005621 0.999984 -0.001117 -0.873467 0.021843 0.001239 0.999761 38.2069
33.0 0.999747 0.00573 -0.021758 -0.590462 -0.00573 0.999984 8.9e-05 -0.900111 0.021758 3.6e-05 0.999763 39.40549
34.0 0.999747 0.006201 -0.021606 -0.61817 -0.00618 0.99998 0.001031 -0.926858 0.021612 -0.000898 0.999766 40.60244
35.0 0.999743 0.006994 -0.021554 -0.646632 -0.006983 0.999975 0.000616 -0.953129 0.021558 -0.000465 0.999768 41.79871
36.0 0.999739 0.007822 -0.02145 -0.675668 -0.007813 0.999969 0.000521 -0.977631 0.021453 -0.000353 0.99977 42.99592
37.0 0.999722 0.010798 -0.020977 -0.708016 -0.010758 0.99994 0.002023 -1.000412 0.020997 -0.001797 0.999778 44.19563
38.0 0.999751 0.011074 -0.019367 -0.735861 -0.010976 0.999927 0.005141 -1.020365 0.019423 -0.004928 0.999799 45.39563
39.0 0.999777 0.011637 -0.017606 -0.761728 -0.0115 0.999903 0.007872 -1.037444 0.017696 -0.007667 0.999814 46.59612
40.0 0.999804 0.01192 -0.015821 -0.784447 -0.011744 0.999869 0.011163 -1.051207 0.015952 -0.010975 0.999812 47.80149
41.0 0.999827 0.011607 -0.014513 -0.80502 -0.011415 0.999847 0.013268 -1.064092 0.014665 -0.0131 0.999807 49.00454
42.0 0.999865 0.009923 -0.013056 -0.822002 -0.009773 0.999886 0.011538 -1.07385 0.013169 -0.011409 0.999848 50.20348
43.0 0.999874 0.010398 -0.011998 -0.84029 -0.010288 0.999904 0.009223 -1.085315 0.012093 -0.009099 0.999885 51.40457
44.0 0.999871 0.011547 -0.011184 -0.859463 -0.011447 0.999894 0.00904 -1.098286 0.011287 -0.008911 0.999897 52.60583
45.0 0.999882 0.010573 -0.011143 -0.875378 -0.010478 0.999908 0.008575 -1.112635 0.011233 -0.008457 0.999901 53.81125
46.0 0.99988 0.009905 -0.011884 -0.892873 -0.009812 0.999921 0.007861 -1.127883 0.011961 -0.007744 0.999899 55.0152
47.0 0.999859 0.010072 -0.01342 -0.91186 -0.009968 0.99992 0.007815 -1.143152 0.013497 -0.00768 0.999879 56.22027
48.0 0.999837 0.010097 -0.014945 -0.933231 -0.009958 0.999907 0.00934 -1.160687 0.015038 -0.009189 0.999845 57.42777
49.0 0.999822 0.010094 -0.015909 -0.956215 -0.00994 0.999903 0.009725 -1.175655 0.016006 -0.009565 0.999826 58.63262
50.0 0.999799 0.011053 -0.016745 -0.981436 -0.010895 0.999896 0.00947 -1.190278 0.016848 -0.009286 0.999815 59.83857
51.0 0.999782 0.011445 -0.017458 -1.006715 -0.011283 0.999893 0.009353 -1.2056 0.017563 -0.009154 0.999804 61.04209
52.0 0.999786 0.010801 -0.017632 -1.031126 -0.010647 0.999905 0.008801 -1.22132 0.017726 -0.008611 0.999806 62.24563
53.0 0.999795 0.009509 -0.017851 -1.053863 -0.009371 0.999926 0.007819 -1.237483 0.017924 -0.00765 0.99981 63.44747
54.0 0.999793 0.009088 -0.018201 -1.078473 -0.00893 0.999922 0.008752 -1.251701 0.018279 -0.008588 0.999796 64.64755
55.0 0.999789 0.009083 -0.018429 -1.103193 -0.008882 0.999901 0.01094 -1.267101 0.018526 -0.010774 0.99977 65.8504
56.0 0.999779 0.009524 -0.018729 -1.129538 -0.009347 0.999911 0.009496 -1.281112 0.018818 -0.009319 0.99978 67.04761
57.0 0.999762 0.011034 -0.018802 -1.15768 -0.010888 0.99991 0.007813 -1.293922 0.018887 -0.007606 0.999793 68.24107
58.0 0.999735 0.013196 -0.018879 -1.18693 -0.013047 0.999883 0.007979 -1.309417 0.018982 -0.00773 0.99979 69.43527
59.0 0.99971 0.015004 -0.018812 -1.215316 -0.014852 0.999856 0.008237 -1.324678 0.018933 -0.007955 0.999789 70.62616
60.0 0.999688 0.016657 -0.018598 -1.243226 -0.016497 0.999826 0.008714 -1.339456 0.01874 -0.008404 0.999789 71.816
61.0 0.999699 0.017065 -0.017624 -1.268567 -0.016897 0.999811 0.009638 -1.355743 0.017785 -0.009337 0.999798 73.00219
62.0 0.999704 0.018732 -0.015552 -1.292838 -0.018574 0.999775 0.010214 -1.37147 0.01574 -0.009922 0.999827 74.18749
63.0 0.999752 0.018143 -0.012913 -1.310252 -0.018022 0.999793 0.00943 -1.390125 0.013082 -0.009195 0.999872 75.36554
64.0 0.999836 0.014638 -0.010625 -1.320138 -0.014598 0.999886 0.003881 -1.407515 0.010681 -0.003725 0.999936 76.54079
65.0 0.999851 0.015193 -0.008186 -1.33092 -0.015176 0.999883 0.00217 -1.427085 0.008218 -0.002045 0.999964 77.7163
66.0 0.999881 0.014502 -0.005258 -1.33795 -0.014471 0.999877 0.006034 -1.448797 0.005344 -0.005957 0.999968 78.8946
67.0 0.999892 0.014593 -0.001934 -1.340942 -0.014577 0.999862 0.007962 -1.468534 0.00205 -0.007933 0.999966 80.06843
68.0 0.999885 0.015025 0.002052 -1.34229 -0.015036 0.999871 0.005713 -1.485826 -0.001966 -0.005743 0.999982 81.23454
69.0 0.999885 0.014134 0.005503 -1.335651 -0.014151 0.999895 0.003139 -1.506096 -0.005458 -0.003217 0.99998 82.39913
70.0 0.99988 0.012729 0.008863 -1.323865 -0.012723 0.999919 -0.000739 -1.530312 -0.008872 0.000627 0.999961 83.55801
71.0 0.999856 0.011874 0.012145 -1.309268 -0.011852 0.999928 -0.001833 -1.555472 -0.012166 0.001689 0.999925 84.71745
72.0 0.999807 0.011676 0.015782 -1.292993 -0.011679 0.999932 6.5e-05 -1.580587 -0.01578 -0.00025 0.999876 85.87696
73.0 0.999726 0.012771 0.01962 -1.273121 -0.012792 0.999918 0.00096 -1.605074 -0.019606 -0.001211 0.999807 87.03114
74.0 0.999651 0.012444 0.023284 -1.247131 -0.012416 0.999922 -0.001357 -1.630673 -0.023299 0.001068 0.999728 88.18383
75.0 0.999574 0.012125 0.02656 -1.216671 -0.012024 0.99992 -0.003936 -1.656163 -0.026606 0.003615 0.99964 89.33336
76.0 0.999481 0.012213 0.029818 -1.182745 -0.012089 0.999918 -0.004337 -1.683163 -0.029869 0.003974 0.999546 90.48344
77.0 0.999406 0.010864 0.032693 -1.144128 -0.010768 0.999937 -0.003109 -1.710419 -0.032725 0.002755 0.999461 91.63655
78.0 0.999319 0.010109 0.03549 -1.10175 -0.010051 0.999948 -0.001788 -1.736086 -0.035506 0.00143 0.999368 92.79129
79.0 0.999225 0.009288 0.038244 -1.056015 -0.009297 0.999957 6.9e-05 -1.76065 -0.038242 -0.000425 0.999268 93.94713
80.0 0.999138 0.008158 0.040694 -1.006119 -0.008215 0.999965 0.001233 -1.785071 -0.040682 -0.001566 0.999171 95.10262
81.0 0.999053 0.006863 0.042962 -0.953966 -0.00683 0.999976 -0.000919 -1.809543 -0.042967 0.000625 0.999076 96.25538
82.0 0.998965 0.005399 0.045154 -0.89754 -0.005201 0.999976 -0.004483 -1.834871 -0.045177 0.004243 0.99897 97.41317
83.0 0.998869 0.005749 0.047208 -0.841003 -0.005394 0.999956 -0.007635 -1.861916 -0.04725 0.007372 0.998856 98.57222
84.0 0.99879 0.005895 0.04883 -0.782045 -0.005478 0.999947 -0.008664 -1.891643 -0.048879 0.008386 0.998769 99.73968
85.0 0.99876 0.005954 0.049436 -0.723357 -0.005563 0.999952 -0.008049 -1.922457 -0.049482 0.007764 0.998745 100.9141
86.0 0.998795 0.006151 0.048691 -0.665532 -0.005864 0.999965 -0.00604 -1.953029 -0.048726 0.005747 0.998796 102.0947
87.0 0.998865 0.005468 0.047327 -0.607718 -0.005265 0.999976 -0.004407 -1.983093 -0.04735 0.004153 0.99887 103.2788
88.0 0.998956 0.005748 0.045328 -0.550571 -0.005584 0.999977 -0.00376 -2.012875 -0.045349 0.003502 0.998965 104.47
89.0 0.999063 0.005896 0.042871 -0.497748 -0.005765 0.999978 -0.003162 -2.041118 -0.042888 0.002912 0.999076 105.6679
90.0 0.999189 0.006377 0.039767 -0.448327 -0.006256 0.999975 -0.003173 -2.069739 -0.039786 0.002922 0.999204 106.8672
91.0 0.999321 0.007835 0.036008 -0.405377 -0.007715 0.999964 -0.00348 -2.098282 -0.036034 0.0032 0.999345 108.0719
92.0 0.999453 0.007975 0.0321 -0.365108 -0.007875 0.999964 -0.003269 -2.127 -0.032124 0.003015 0.999479 109.2786
93.0 0.999569 0.008622 0.028059 -0.329075 -0.008566 0.999961 -0.002141 -2.156853 -0.028076 0.0019 0.999604 110.4916
94.0 0.999679 0.008809 0.023739 -0.298528 -0.008781 0.999961 -0.001299 -2.185665 -0.023749 0.00109 0.999717 111.7073
95.0 0.999774 0.008964 0.019291 -0.272672 -0.008955 0.99996 -0.000529 -2.213402 -0.019295 0.000356 0.999814 112.9237
96.0 0.999851 0.009347 0.014502 -0.253779 -0.009344 0.999956 -0.000311 -2.240145 -0.014504 0.000175 0.999895 114.1425
97.0 0.999903 0.010178 0.009563 -0.241552 -0.010176 0.999948 -0.000272 -2.267804 -0.009566 0.000175 0.999954 115.3628
98.0 0.999932 0.010694 0.004604 -0.234072 -0.010691 0.999943 -0.000526 -2.29683 -0.004609 0.000477 0.999989 116.586
99.0 0.999933 0.01158 -4.9e-05 -0.232571 -0.01158 0.999932 -0.001084 -2.327575 3.7e-05 0.001084 0.999999 117.8116
100.0 0.999903 0.013415 -0.003741 -0.237293 -0.01342 0.999909 -0.001356 -2.358001 0.003722 0.001406 0.999992 119.0399
101.0 0.999859 0.01576 -0.005859 -0.246444 -0.015767 0.999875 -0.001137 -2.388148 0.00584 0.001229 0.999982 120.2714
102.0 0.999837 0.016711 -0.006829 -0.256232 -0.016721 0.999859 -0.001409 -2.417424 0.006804 0.001523 0.999976 121.5013
103.0 0.999791 0.018842 -0.007908 -0.269679 -0.018851 0.999822 -0.000979 -2.444635 0.007888 0.001128 0.999968 122.7424
104.0 0.999755 0.020256 -0.008899 -0.283572 -0.020255 0.999795 0.000204 -2.4715 0.008901 -2.4e-05 0.99996 123.9829
105.0 0.999747 0.020295 -0.009654 -0.297015 -0.020294 0.999794 0.000181 -2.498919 0.009656 1.5e-05 0.999953 125.2241
106.0 0.999667 0.023568 -0.010493 -0.316815 -0.02355 0.999721 0.001895 -2.521615 0.010535 -0.001647 0.999943 126.4702
107.0 0.999621 0.025202 -0.011066 -0.336076 -0.025149 0.999672 0.004831 -2.543289 0.011184 -0.004551 0.999927 127.7202
108.0 0.999638 0.024177 -0.011842 -0.353204 -0.024115 0.999695 0.005347 -2.561295 0.011967 -0.00506 0.999916 128.9699
109.0 0.999638 0.023881 -0.012385 -0.370442 -0.02384 0.99971 0.003443 -2.578125 0.012464 -0.003147 0.999917 130.2201
110.0 0.99969 0.021164 -0.013117 -0.384545 -0.021111 0.999768 0.004148 -2.59617 0.013202 -0.00387 0.999905 131.4756
111.0 0.999723 0.018818 -0.014139 -0.397623 -0.018733 0.999806 0.006089 -2.614808 0.014251 -0.005822 0.999881 132.7335
112.0 0.999767 0.016033 -0.014447 -0.413373 -0.01592 0.999842 0.007942 -2.631357 0.014572 -0.00771 0.999864 133.9959
113.0 0.999789 0.014276 -0.014765 -0.429912 -0.014133 0.999852 0.009779 -2.64614 0.014903 -0.009568 0.999843 135.2593
114.0 0.999843 0.009895 -0.014709 -0.443887 -0.009781 0.999922 0.007791 -2.660056 0.014785 -0.007646 0.999861 136.5226
115.0 0.999865 0.007231 -0.014754 -0.457056 -0.007142 0.999956 0.006079 -2.675992 0.014798 -0.005973 0.999873 137.7895
116.0 0.999878 0.005645 -0.014577 -0.472057 -0.005557 0.999966 0.006041 -2.693213 0.014611 -0.005959 0.999876 139.0568
117.0 0.999882 0.005598 -0.014306 -0.490815 -0.005506 0.999964 0.006457 -2.711316 0.014341 -0.006377 0.999877 140.3306
118.0 0.99989 0.005971 -0.013603 -0.509951 -0.00586 0.999949 0.008233 -2.728134 0.013651 -0.008152 0.999874 141.606
119.0 0.99988 0.008592 -0.012894 -0.531657 -0.008463 0.999914 0.009987 -2.744134 0.012978 -0.009876 0.999867 142.8802
120.0 0.999887 0.008661 -0.012319 -0.550146 -0.008548 0.999921 0.009183 -2.759529 0.012397 -0.009076 0.999882 144.153
121.0 0.999889 0.008954 -0.011912 -0.568107 -0.008876 0.999939 0.006572 -2.775354 0.01197 -0.006465 0.999907 145.4241
122.0 0.999892 0.009105 -0.011494 -0.586224 -0.009054 0.999949 0.0045 -2.79483 0.011535 -0.004395 0.999924 146.694
123.0 0.999906 0.007812 -0.011258 -0.601569 -0.007809 0.999969 0.000373 -2.818864 0.011261 -0.000285 0.999937 147.9611
124.0 0.999911 0.007891 -0.010759 -0.618401 -0.007925 0.999964 -0.00312 -2.844547 0.010734 0.003205 0.999937 149.227
125.0 0.999915 0.007644 -0.010591 -0.634443 -0.007689 0.999961 -0.004244 -2.875057 0.010558 0.004325 0.999935 150.4924
126.0 0.999915 0.007471 -0.010681 -0.649286 -0.007512 0.999964 -0.003858 -2.908757 0.010652 0.003938 0.999935 151.7562
127.0 0.99991 0.008117 -0.010647 -0.666905 -0.008155 0.999961 -0.003509 -2.939717 0.010618 0.003595 0.999937 153.0248
128.0 0.999901 0.008932 -0.01089 -0.684175 -0.008958 0.999957 -0.002288 -2.969914 0.010869 0.002385 0.999938 154.2883
129.0 0.999894 0.009403 -0.011142 -0.703475 -0.009423 0.999954 -0.001717 -2.997619 0.011125 0.001822 0.999937 155.5533
130.0 0.999885 0.009671 -0.011684 -0.721231 -0.009695 0.999951 -0.001965 -3.024885 0.011664 0.002078 0.99993 156.8169
131.0 0.999874 0.009992 -0.012322 -0.740134 -0.010015 0.999948 -0.001785 -3.051707 0.012304 0.001908 0.999923 158.0778
132.0 0.999871 0.009437 -0.013005 -0.75814 -0.009447 0.999955 -0.000681 -3.079341 0.012998 0.000804 0.999915 159.3422
133.0 0.999853 0.010308 -0.013665 -0.778517 -0.010314 0.999947 -0.000364 -3.10733 0.01366 0.000505 0.999907 160.6037
134.0 0.999842 0.010592 -0.014277 -0.798967 -0.010612 0.999943 -0.001296 -3.135262 0.014263 0.001448 0.999897 161.8641
135.0 0.999825 0.011036 -0.015101 -0.821014 -0.011074 0.999936 -0.002388 -3.16234 0.015074 0.002554 0.999883 163.1262
136.0 0.999806 0.011875 -0.015716 -0.844849 -0.011913 0.999926 -0.002367 -3.191224 0.015687 0.002553 0.999874 164.3903
137.0 0.999799 0.011556 -0.016376 -0.867607 -0.011608 0.999928 -0.003044 -3.221845 0.01634 0.003234 0.999861 165.6519
138.0 0.999783 0.011811 -0.017189 -0.891591 -0.011886 0.99992 -0.004239 -3.252329 0.017138 0.004443 0.999843 166.9143
139.0 0.99977 0.011987 -0.017807 -0.915926 -0.012061 0.999919 -0.004075 -3.282708 0.017757 0.004289 0.999833 168.1765
140.0 0.999752 0.012336 -0.018524 -0.941804 -0.012387 0.99992 -0.002645 -3.313952 0.01849 0.002874 0.999825 169.4414
141.0 0.999737 0.01241 -0.019265 -0.968255 -0.012454 0.99992 -0.002172 -3.3446 0.019236 0.002412 0.999812 170.7047
142.0 0.99972 0.012773 -0.019905 -0.99577 -0.012813 0.999916 -0.001865 -3.373848 0.01988 0.002119 0.9998 171.9707
143.0 0.9997 0.013211 -0.020625 -1.024319 -0.013244 0.999911 -0.001499 -3.402447 0.020603 0.001772 0.999786 173.2343
144.0 0.999685 0.01342 -0.021229 -1.053647 -0.013471 0.999907 -0.002272 -3.431925 0.021197 0.002557 0.999772 174.4983
145.0 0.999661 0.014451 -0.021672 -1.083166 -0.014518 0.99989 -0.002936 -3.461238 0.021627 0.00325 0.999761 175.759
146.0 0.999649 0.014653 -0.022078 -1.111965 -0.01471 0.999889 -0.002419 -3.491932 0.02204 0.002743 0.999753 177.0264
147.0 0.999642 0.014574 -0.022419 -1.14094 -0.014652 0.999887 -0.003317 -3.523533 0.022368 0.003645 0.999743 178.2891
148.0 0.999659 0.013258 -0.022501 -1.167498 -0.013378 0.999897 -0.005207 -3.555449 0.022429 0.005507 0.999733 179.5492
149.0 0.999687 0.010306 -0.022777 -1.193384 -0.01042 0.999934 -0.004874 -3.587083 0.022725 0.00511 0.999729 180.8107
150.0 0.999681 0.010249 -0.023069 -1.220912 -0.010289 0.999946 -0.001635 -3.617217 0.023051 0.001872 0.999733 182.0722
151.0 0.999681 0.010029 -0.023163 -1.249819 -0.00995 0.999944 0.003521 -3.644685 0.023197 -0.003289 0.999726 183.3367
152.0 0.999673 0.010363 -0.023361 -1.280267 -0.010301 0.999943 0.002758 -3.669131 0.023388 -0.002516 0.999723 184.5934
153.0 0.999661 0.012019 -0.023115 -1.311919 -0.01203 0.999928 -0.000322 -3.694209 0.02311 0.0006 0.999733 185.8431
154.0 0.99965 0.012304 -0.023417 -1.342768 -0.012367 0.99992 -0.002534 -3.722358 0.023384 0.002823 0.999723 187.0923
155.0 0.999651 0.011883 -0.02359 -1.371475 -0.011944 0.999926 -0.002449 -3.752664 0.023559 0.00273 0.999719 188.3388
156.0 0.999653 0.011928 -0.023508 -1.400872 -0.01195 0.999928 -0.000804 -3.781861 0.023497 0.001084 0.999723 189.5856
157.0 0.999655 0.012029 -0.023344 -1.429913 -0.012005 0.999927 0.00119 -3.811043 0.023356 -0.000909 0.999727 190.8308
158.0 0.999676 0.011435 -0.02273 -1.45692 -0.01139 0.999933 0.002138 -3.839753 0.022752 -0.001878 0.999739 192.0697
159.0 0.999705 0.01147 -0.021396 -1.482347 -0.011437 0.999933 0.001663 -3.868861 0.021413 -0.001418 0.99977 193.3035
160.0 0.999749 0.01008 -0.020023 -1.504387 -0.010083 0.999949 -4.3e-05 -3.897568 0.020021 0.000245 0.999799 194.5344
161.0 0.999773 0.010028 -0.018774 -1.525428 -0.010057 0.999948 -0.001474 -3.929306 0.018759 0.001662 0.999823 195.761
162.0 0.999807 0.00913 -0.017421 -1.54334 -0.009171 0.999955 -0.002294 -3.962116 0.017399 0.002454 0.999846 196.9816
163.0 0.999826 0.009265 -0.016177 -1.561315 -0.00929 0.999956 -0.00143 -3.994523 0.016163 0.001581 0.999868 198.1987
164.0 0.999851 0.008955 -0.014784 -1.577337 -0.008947 0.99996 0.000579 -4.025379 0.014789 -0.000447 0.999891 199.4115
165.0 0.999861 0.009655 -0.013622 -1.593225 -0.009642 0.999953 0.000997 -4.055718 0.013631 -0.000865 0.999907 200.6192
166.0 0.999877 0.009446 -0.012535 -1.607052 -0.009436 0.999955 0.000804 -4.084508 0.012542 -0.000685 0.999921 201.8207
167.0 0.999885 0.00983 -0.011541 -1.619569 -0.009818 0.999951 0.001105 -4.112611 0.011551 -0.000991 0.999933 203.0155
168.0 0.999895 0.01009 -0.01042 -1.629855 -0.010075 0.999948 0.001523 -4.142166 0.010435 -0.001418 0.999945 204.2033
169.0 0.999903 0.010078 -0.009653 -1.639698 -0.010067 0.999949 0.00118 -4.168995 0.009664 -0.001083 0.999953 205.3821
170.0 0.99991 0.010124 -0.008755 -1.649074 -0.010113 0.999948 0.001287 -4.196218 0.008767 -0.001199 0.999961 206.5525
171.0 0.999927 0.008942 -0.008192 -1.655974 -0.008931 0.999959 0.00145 -4.223531 0.008205 -0.001377 0.999965 207.7094
172.0 0.99993 0.008776 -0.007973 -1.663162 -0.00876 0.99996 0.002035 -4.25023 0.00799 -0.001965 0.999966 208.8522
173.0 0.999931 0.008301 -0.008283 -1.670517 -0.008273 0.99996 0.003418 -4.277047 0.008311 -0.003349 0.99996 209.9818
174.0 0.999923 0.008544 -0.008973 -1.680916 -0.008514 0.999958 0.003387 -4.301812 0.009001 -0.00331 0.999954 211.0937
175.0 0.999917 0.008823 -0.009347 -1.692609 -0.008801 0.999958 0.002405 -4.32686 0.009367 -0.002322 0.999953 212.1907
176.0 0.999911 0.00913 -0.009785 -1.705386 -0.009115 0.999957 0.001514 -4.351615 0.009799 -0.001424 0.999951 213.2749
177.0 0.999905 0.009065 -0.010345 -1.717659 -0.009051 0.999958 0.001322 -4.376802 0.010356 -0.001228 0.999946 214.3453
178.0 0.999898 0.00851 -0.011461 -1.730641 -0.008495 0.999963 0.001398 -4.402081 0.011472 -0.001301 0.999933 215.4046
179.0 0.999882 0.008129 -0.013047 -1.744177 -0.008102 0.999965 0.002155 -4.426871 0.013064 -0.002049 0.999913 216.4482
180.0 0.999862 0.007076 -0.015012 -1.758097 -0.007022 0.999969 0.003614 -4.450451 0.015037 -0.003508 0.999881 217.4854
181.0 0.999825 0.007305 -0.017215 -1.775959 -0.007207 0.999957 0.005783 -4.472509 0.017256 -0.005657 0.999835 218.5077
182.0 0.999783 0.007516 -0.019455 -1.796549 -0.007402 0.999955 0.005915 -4.494237 0.019499 -0.005769 0.999793 219.5114
183.0 0.999724 0.007888 -0.022139 -1.82019 -0.007773 0.999956 0.005294 -4.513126 0.02218 -0.005121 0.999741 220.495
184.0 0.999659 0.007967 -0.024872 -1.844527 -0.007836 0.999955 0.00535 -4.532452 0.024913 -0.005153 0.999676 221.4612
185.0 0.999579 0.008538 -0.027723 -1.871601 -0.008374 0.999947 0.006029 -4.553298 0.027773 -0.005794 0.999598 222.4026
186.0 0.999489 0.008895 -0.030709 -1.900504 -0.008714 0.999944 0.006029 -4.574348 0.030761 -0.005758 0.99951 223.3228
187.0 0.99939 0.00884 -0.033772 -1.93108 -0.008664 0.999948 0.005361 -4.594192 0.033818 -0.005065 0.999415 224.2192
188.0 0.999278 0.008633 -0.037003 -1.963226 -0.008457 0.999952 0.004913 -4.613875 0.037044 -0.004596 0.999303 225.0932
189.0 0.999147 0.00983 -0.040111 -1.999321 -0.009648 0.999942 0.004731 -4.634336 0.040155 -0.00434 0.999184 225.9462
190.0 0.999019 0.010114 -0.043111 -2.03611 -0.009956 0.999943 0.003883 -4.65549 0.043147 -0.00345 0.999063 226.7758
191.0 0.998893 0.012049 -0.045469 -2.076063 -0.011879 0.999921 0.004021 -4.674144 0.045513 -0.003476 0.998958 227.5885
192.0 0.998845 0.012854 -0.046288 -2.113952 -0.012673 0.999911 0.004213 -4.692285 0.046338 -0.003622 0.998919 228.382
193.0 0.998855 0.012918 -0.046067 -2.149429 -0.012684 0.999905 0.005376 -4.710568 0.046132 -0.004786 0.998924 229.159
194.0 0.998877 0.013013 -0.04556 -2.182836 -0.012743 0.9999 0.006211 -4.728951 0.045637 -0.005623 0.998942 229.9166
195.0 0.998893 0.01281 -0.045251 -2.215172 -0.012567 0.999905 0.005646 -4.746558 0.045319 -0.005071 0.99896 230.6577
196.0 0.998902 0.013277 -0.044932 -2.24791 -0.013123 0.999907 0.003719 -4.762455 0.044977 -0.003125 0.998983 231.3882
197.0 0.998938 0.013291 -0.044109 -2.278813 -0.013236 0.999911 0.001535 -4.778921 0.044125 -0.00095 0.999026 232.1156
198.0 0.998987 0.013313 -0.042985 -2.30914 -0.013318 0.999911 0.000173 -4.795655 0.042984 0.0004 0.999076 232.8383
199.0 0.999039 0.014038 -0.041512 -2.338553 -0.014062 0.999901 -0.000305 -4.813178 0.041504 0.000888 0.999138 233.56
200.0 0.999116 0.01347 -0.039817 -2.3648 -0.013503 0.999909 -0.000566 -4.830531 0.039806 0.001103 0.999207 234.2776
201.0 0.999191 0.013286 -0.037969 -2.389577 -0.013318 0.999911 -0.000574 -4.847959 0.037958 0.001079 0.999279 234.9915
202.0 0.999265 0.013364 -0.035925 -2.414706 -0.013396 0.99991 -0.000647 -4.864866 0.035913 0.001128 0.999354 235.7021
203.0 0.999342 0.01311 -0.033822 -2.437161 -0.01315 0.999913 -0.000935 -4.881579 0.033807 0.001379 0.999428 236.4085
204.0 0.999434 0.013225 -0.030943 -2.45827 -0.013253 0.999912 -0.000693 -4.896919 0.030931 0.001102 0.999521 237.1116
205.0 0.99954 0.01231 -0.027726 -2.475218 -0.01232 0.999924 -0.000175 -4.912132 0.027722 0.000517 0.999616 237.8114
206.0 0.999628 0.011268 -0.024831 -2.489243 -0.011264 0.999937 0.000288 -4.929647 0.024833 -8e-06 0.999692 238.5076
207.0 0.999701 0.01099 -0.02183 -2.501543 -0.010982 0.99994 0.000482 -4.947554 0.021834 -0.000242 0.999762 239.1999
208.0 0.999766 0.010599 -0.018872 -2.511949 -0.010598 0.999944 0.000173 -4.965562 0.018873 2.7e-05 0.999822 239.8878
209.0 0.999818 0.010382 -0.015996 -2.520293 -0.010388 0.999946 -0.000297 -4.98174 0.015992 0.000463 0.999872 240.5753
210.0 0.99985 0.011342 -0.013049 -2.528203 -0.011359 0.999935 -0.001234 -4.99821 0.013034 0.001382 0.999914 241.2639
211.0 0.999885 0.011262 -0.010186 -2.534352 -0.011282 0.999934 -0.001926 -5.01566 0.010164 0.002041 0.999946 241.9573
212.0 0.999909 0.011299 -0.007336 -2.538348 -0.011307 0.999935 -0.001034 -5.032044 0.007324 0.001117 0.999973 242.6535
213.0 0.999919 0.011816 -0.004763 -2.543393 -0.011818 0.99993 -0.000382 -5.04817 0.004758 0.000438 0.999989 243.3559
214.0 0.99993 0.011554 -0.002459 -2.545596 -0.011555 0.999933 -0.000559 -5.064282 0.002453 0.000588 0.999997 244.059
215.0 0.999935 0.011393 -0.000171 -2.546852 -0.011393 0.999934 -0.001782 -5.080295 0.000151 0.001784 0.999998 244.7634
216.0 0.999932 0.011576 0.001542 -2.546619 -0.011569 0.999923 -0.004384 -5.094783 -0.001593 0.004366 0.999989 245.4715
217.0 0.999938 0.010846 0.002491 -2.545576 -0.010831 0.999924 -0.005935 -5.109038 -0.002555 0.005908 0.999979 246.1863
218.0 0.999938 0.010772 0.002673 -2.543734 -0.010754 0.999919 -0.006767 -5.126143 -0.002746 0.006738 0.999973 246.9081
219.0 0.999946 0.010013 0.002849 -2.542056 -0.009993 0.999926 -0.006992 -5.145191 -0.002919 0.006963 0.999972 247.6359
220.0 0.999936 0.010925 0.003022 -2.541896 -0.010903 0.999915 -0.00717 -5.164585 -0.0031 0.007136 0.99997 248.3695
221.0 0.999925 0.011761 0.003321 -2.542204 -0.011735 0.9999 -0.007865 -5.185382 -0.003413 0.007826 0.999964 249.1114
222.0 0.999932 0.011087 0.003527 -2.540944 -0.011052 0.99989 -0.009859 -5.205979 -0.003636 0.009819 0.999945 249.8573
223.0 0.999966 0.007323 0.00391 -2.535403 -0.007276 0.999906 -0.011664 -5.22737 -0.003995 0.011636 0.999924 250.61
224.0 0.999983 0.004024 0.004248 -2.529259 -0.00397 0.999912 -0.012619 -5.246305 -0.004298 0.012602 0.999911 251.3708
225.0 0.999972 0.005633 0.004842 -2.529475 -0.005587 0.999939 -0.009541 -5.263872 -0.004895 0.009514 0.999943 252.145
226.0 0.999935 0.01001 0.005515 -2.534412 -0.009991 0.999944 -0.003462 -5.282956 -0.005549 0.003406 0.999979 252.9289
227.0 0.999932 0.009754 0.006386 -2.53173 -0.009762 0.999952 0.00124 -5.300222 -0.006374 -0.001302 0.999979 253.716
228.0 0.999931 0.008283 0.008265 -2.522827 -0.008278 0.999965 -0.000683 -5.316153 -0.008271 0.000615 0.999966 254.5107
229.0 0.999881 0.009412 0.012192 -2.516895 -0.009327 0.999931 -0.007073 -5.328791 -0.012258 0.006958 0.999901 255.3056
230.0 0.999803 0.011553 0.016109 -2.508908 -0.011366 0.999867 -0.011683 -5.345294 -0.016242 0.011498 0.999802 256.1119
231.0 0.999729 0.013018 0.019313 -2.495854 -0.012796 0.999851 -0.011566 -5.364407 -0.01946 0.011316 0.999747 256.9296
232.0 0.999677 0.011673 0.02258 -2.476437 -0.011473 0.999894 -0.008995 -5.385775 -0.022682 0.008733 0.999705 257.7578
233.0 0.999637 0.008632 0.025519 -2.451908 -0.008486 0.999947 -0.005839 -5.406872 -0.025568 0.00562 0.999657 258.5928
234.0 0.999583 0.00615 0.028219 -2.426274 -0.006038 0.999974 -0.004047 -5.425049 -0.028243 0.003875 0.999594 259.4295
235.0 0.999489 0.00593 0.031398 -2.401831 -0.005823 0.999977 -0.003499 -5.445288 -0.031418 0.003314 0.999501 260.2685
236.0 0.99939 0.008171 0.033943 -2.377452 -0.007989 0.999953 -0.005512 -5.467449 -0.033987 0.005237 0.999409 261.1028
237.0 0.999304 0.008632 0.03629 -2.347909 -0.008352 0.999934 -0.007853 -5.488513 -0.036355 0.007545 0.99931 261.9398
238.0 0.999204 0.008957 0.038882 -2.315586 -0.008641 0.999928 -0.008277 -5.509575 -0.038953 0.007934 0.999209 262.7787
239.0 0.999077 0.009861 0.041803 -2.282743 -0.009603 0.999934 -0.006368 -5.533299 -0.041863 0.00596 0.999106 263.6212
240.0 0.998917 0.011382 0.045108 -2.249292 -0.011192 0.999927 -0.004448 -5.557575 -0.045155 0.003938 0.998972 264.4631
241.0 0.998782 0.011928 0.04787 -2.211671 -0.011729 0.999921 -0.004421 -5.580169 -0.047919 0.003854 0.998844 265.3026
242.0 0.998653 0.011797 0.050521 -2.169031 -0.011549 0.99992 -0.005198 -5.601556 -0.050578 0.004607 0.99871 266.1456
243.0 0.998536 0.010196 0.053115 -2.120601 -0.009915 0.999935 -0.005568 -5.622751 -0.053168 0.005033 0.998573 266.9886
244.0 0.998464 0.007188 0.054931 -2.070929 -0.006924 0.999964 -0.005009 -5.642388 -0.054965 0.004621 0.998478 267.8345
245.0 0.998423 0.005721 0.055843 -2.020152 -0.005456 0.999973 -0.00489 -5.662313 -0.055869 0.004577 0.998428 268.6821
246.0 0.998395 0.004969 0.056421 -1.972336 -0.0047 0.999977 -0.004899 -5.683949 -0.056444 0.004626 0.998395 269.5293
247.0 0.998366 0.004849 0.056932 -1.923826 -0.004582 0.999978 -0.004819 -5.705921 -0.056954 0.004551 0.998366 270.3816
248.0 0.998368 0.004824 0.056909 -1.875688 -0.004582 0.99998 -0.004386 -5.726987 -0.056929 0.004118 0.99837 271.2341
249.0 0.998396 0.005375 0.056369 -1.829452 -0.005169 0.99998 -0.003783 -5.750154 -0.056388 0.003486 0.998403 272.0891
250.0 0.99846 0.005008 0.055247 -1.783337 -0.004766 0.999978 -0.004509 -5.773108 -0.055269 0.004239 0.998463 272.9432
251.0 0.998546 0.005133 0.053656 -1.741198 -0.004852 0.999974 -0.005361 -5.793806 -0.053682 0.005093 0.998545 273.7954
252.0 0.998628 0.005919 0.052021 -1.700845 -0.005598 0.999964 -0.006311 -5.814912 -0.052057 0.006011 0.998626 274.6511
253.0 0.998695 0.007011 0.05059 -1.660663 -0.006694 0.999957 -0.006417 -5.835884 -0.050633 0.00607 0.998699 275.5035
254.0 0.998766 0.008133 0.048994 -1.622669 -0.007822 0.999948 -0.006537 -5.858238 -0.049045 0.006146 0.998778 276.3544
255.0 0.998868 0.008613 0.046776 -1.585579 -0.008339 0.999947 -0.006069 -5.879709 -0.046826 0.005672 0.998887 277.2037
256.0 0.998995 0.008422 0.044032 -1.550632 -0.008228 0.999956 -0.004593 -5.901149 -0.044068 0.004226 0.99902 278.0516
257.0 0.999178 0.007024 0.03993 -1.517863 -0.00694 0.999973 -0.002251 -5.921904 -0.039944 0.001972 0.9992 278.8967
258.0 0.999363 0.005823 0.035195 -1.489305 -0.005819 0.999983 -0.000212 -5.941918 -0.035196 7e-06 0.99938 279.7354
259.0 0.999522 0.005332 0.030442 -1.466242 -0.005371 0.999985 0.001204 -5.96075 -0.030435 -0.001367 0.999536 280.5687
260.0 0.999657 0.004914 0.025709 -1.447757 -0.004962 0.999986 0.001818 -5.978025 -0.025699 -0.001945 0.999668 281.3897
261.0 0.999766 0.004427 0.021173 -1.431895 -0.004482 0.999987 0.002535 -5.99441 -0.021161 -0.002629 0.999773 282.2031
262.0 0.999858 0.003418 0.01649 -1.419054 -0.003464 0.99999 0.002772 -6.010847 -0.016481 -0.002829 0.99986 283.0036
263.0 0.999919 0.00302 0.012361 -1.412086 -0.003051 0.999992 0.002497 -6.026687 -0.012353 -0.002534 0.99992 283.7879
264.0 0.999959 0.003448 0.008391 -1.411252 -0.003469 0.999991 0.002408 -6.04017 -0.008383 -0.002437 0.999962 284.5553
265.0 0.999982 0.003782 0.004558 -1.414317 -0.003793 0.99999 0.002493 -6.053988 -0.004549 -0.002511 0.999987 285.3052
266.0 0.999993 0.003534 0.000766 -1.417779 -0.003536 0.99999 0.002648 -6.069167 -0.000756 -0.002651 0.999996 286.0359
267.0 0.999991 0.002664 -0.003441 -1.423417 -0.002657 0.999995 0.00191 -6.085125 0.003446 -0.001901 0.999992 286.744
268.0 0.999958 0.003814 -0.008375 -1.435822 -0.00381 0.999993 0.000515 -6.10138 0.008377 -0.000483 0.999965 287.4331
269.0 0.999877 0.005429 -0.014695 -1.454441 -0.00545 0.999984 -0.001339 -6.117454 0.014687 0.001419 0.999891 288.1005
270.0 0.999719 0.006284 -0.022872 -1.477649 -0.006356 0.999975 -0.003101 -6.132605 0.022852 0.003246 0.999734 288.7511
271.0 0.999432 0.006168 -0.033143 -1.506373 -0.006307 0.999972 -0.004073 -6.149396 0.033117 0.00428 0.999442 289.389
272.0 0.998896 0.006605 -0.046514 -1.545617 -0.006812 0.999968 -0.004303 -6.167037 0.046484 0.004615 0.998908 290.0173
273.0 0.997996 0.007564 -0.06282 -1.597157 -0.00779 0.999964 -0.003355 -6.182453 0.062792 0.003838 0.998019 290.6281
274.0 0.996547 0.010234 -0.082397 -1.665044 -0.010473 0.999942 -0.002466 -6.196964 0.082367 0.00332 0.996597 291.23
275.0 0.994434 0.011933 -0.104684 -1.742378 -0.012246 0.999922 -0.002349 -6.210196 0.104648 0.003618 0.994503 291.8062
276.0 0.991448 0.013381 -0.129815 -1.834488 -0.013784 0.999903 -0.00221 -6.224247 0.129772 0.003981 0.991536 292.379
277.0 0.987444 0.014943 -0.157264 -1.942994 -0.015382 0.99988 -0.001575 -6.237015 0.157222 0.003974 0.987555 292.9374
278.0 0.982146 0.01637 -0.187409 -2.067997 -0.016693 0.999861 -0.000144 -6.247853 0.18738 0.00327 0.982282 293.4679
279.0 0.975195 0.016363 -0.220744 -2.209538 -0.016336 0.999865 0.001952 -6.257666 0.220746 0.001703 0.97533 293.9981
280.0 0.966428 0.016637 -0.256399 -2.367902 -0.016133 0.999862 0.00407 -6.271075 0.256431 0.000204 0.966562 294.5121
281.0 0.955806 0.018166 -0.293438 -2.543375 -0.016871 0.999834 0.006944 -6.28527 0.293515 -0.001687 0.955953 294.9879
282.0 0.943122 0.019917 -0.331848 -2.739392 -0.017674 0.999796 0.009776 -6.297631 0.331975 -0.003354 0.943282 295.4667
283.0 0.92833 0.020796 -0.371175 -2.949047 -0.017502 0.999772 0.012241 -6.307941 0.371345 -0.004868 0.928482 295.9018
284.0 0.911282 0.020947 -0.41125 -3.178542 -0.016463 0.99976 0.014442 -6.314604 0.411454 -0.006391 0.911408 296.3492
285.0 0.891514 0.020873 -0.452512 -3.425572 -0.015298 0.999755 0.015976 -6.32098 0.452735 -0.00732 0.891615 296.7828
286.0 0.868843 0.020588 -0.49466 -3.687333 -0.013753 0.999753 0.017454 -6.328231 0.494897 -0.008362 0.868911 297.1641
287.0 0.843254 0.019989 -0.537144 -3.968958 -0.011546 0.999751 0.019078 -6.33276 0.537392 -0.009886 0.843275 297.5634
288.0 0.814534 0.020359 -0.579758 -4.268559 -0.009936 0.999727 0.021147 -6.336992 0.58003 -0.011464 0.814514 297.9439
289.0 0.782848 0.022098 -0.621821 -4.586321 -0.010431 0.999695 0.022394 -6.339444 0.622126 -0.011044 0.782839 298.2617
290.0 0.74789 0.021529 -0.663473 -4.922654 -0.008359 0.9997 0.023016 -6.345184 0.66377 -0.011667 0.747846 298.5997
291.0 0.709248 0.021013 -0.704646 -5.270323 -0.004494 0.99967 0.025288 -6.347814 0.704945 -0.014769 0.709109 298.8694
292.0 0.666117 0.02048 -0.745566 -5.635576 0.001868 0.999574 0.029127 -6.343982 0.745845 -0.020795 0.665794 299.1672
293.0 0.618595 0.021215 -0.785423 -6.014393 0.006372 0.999467 0.032015 -6.339964 0.785684 -0.024809 0.618131 299.4337
294.0 0.567759 0.024919 -0.822818 -6.404391 0.006451 0.999376 0.034717 -6.33231 0.82317 -0.025018 0.567244 299.6092
295.0 0.51501 0.031745 -0.856596 -6.808874 0.001903 0.999269 0.038176 -6.331276 0.857182 -0.021292 0.514573 299.805
296.0 0.460022 0.036539 -0.887155 -7.216405 -0.000961 0.999173 0.040654 -6.326098 0.887907 -0.017849 0.459676 299.9751
297.0 0.40308 0.038749 -0.914344 -7.620091 -0.001026 0.999122 0.04189 -6.315633 0.915164 -0.015947 0.402766 300.0619
298.0 0.345398 0.040915 -0.937564 -8.027228 0.000794 0.999036 0.04389 -6.304576 0.938456 -0.015904 0.345033 300.1811
299.0 0.286916 0.044177 -0.956937 -8.436151 0.003484 0.998881 0.047158 -6.292308 0.95795 -0.016864 0.286441 300.22
300.0 0.227628 0.04821 -0.972554 -8.849753 0.005519 0.998694 0.050798 -6.282888 0.973733 -0.01693 0.227065 300.2873
301.0 0.165841 0.051581 -0.984803 -9.270289 0.008733 0.998515 0.05377 -6.271213 0.986114 -0.017517 0.165144 300.3291
302.0 0.102029 0.055588 -0.993227 -9.696194 0.009495 0.998338 0.056849 -6.256955 0.994736 -0.015231 0.101332 300.284
303.0 0.037282 0.06091 -0.997447 -10.13605 0.012079 0.99804 0.061398 -6.242546 0.999232 -0.014337 0.036473 300.2712
304.0 -0.028612 0.067612 -0.997301 -10.58129 0.01451 0.997633 0.067219 -6.224323 0.999485 -0.012547 -0.029525 300.2293
305.0 -0.095673 0.074333 -0.992633 -11.03111 0.017569 0.997179 0.07298 -6.199526 0.995258 -0.010457 -0.096709 300.097
306.0 -0.162228 0.080611 -0.983455 -11.48794 0.020463 0.996718 0.078323 -6.178297 0.986541 -0.007418 -0.163345 299.9941
307.0 -0.227627 0.086613 -0.969889 -11.94318 0.02514 0.996227 0.083065 -6.15018 0.973424 -0.005475 -0.228945 299.7982
308.0 -0.291601 0.091147 -0.952187 -12.40289 0.030227 0.995831 0.086068 -6.123531 0.956062 -0.003684 -0.29314 299.6328
309.0 -0.353129 0.093636 -0.930877 -12.8598 0.034851 0.995605 0.086927 -6.094784 0.934925 -0.001745 -0.35484 299.4338
310.0 -0.412246 0.094495 -0.906159 -13.3109 0.039332 0.995525 0.08592 -6.063773 0.910223 -0.000221 -0.414118 299.1429
311.0 -0.467758 0.094545 -0.878785 -13.7634 0.042794 0.995519 0.084326 -6.028358 0.88282 0.001837 -0.469708 298.8742
312.0 -0.519594 0.094664 -0.849153 -14.21251 0.045941 0.995501 0.082868 -5.989762 0.853177 0.004047 -0.521606 298.5219
313.0 -0.566104 0.094801 -0.818864 -14.66311 0.048528 0.995475 0.081699 -5.950116 0.822904 0.006512 -0.568143 298.1811
314.0 -0.607122 0.095612 -0.788836 -15.11616 0.050497 0.99537 0.081781 -5.913525 0.793003 0.009817 -0.609139 297.8016
315.0 -0.644411 0.09891 -0.758255 -15.56917 0.055338 0.995031 0.082766 -5.871992 0.762674 0.011375 -0.646683 297.3601
316.0 -0.680915 0.105633 -0.724704 -16.02426 0.064362 0.994346 0.084463 -5.830931 0.729529 0.010869 -0.683864 296.9179
317.0 -0.716412 0.111421 -0.688723 -16.47064 0.071742 0.993697 0.086133 -5.783464 0.693979 0.012297 -0.71989 296.4013
318.0 -0.749283 0.113476 -0.652455 -16.90392 0.075932 0.993434 0.085579 -5.737737 0.657882 0.01458 -0.75298 295.8766
319.0 -0.779741 0.110185 -0.616331 -17.32241 0.076432 0.993782 0.080967 -5.692386 0.62142 0.016026 -0.783314 295.2843
320.0 -0.807232 0.107361 -0.580388 -17.72918 0.078403 0.994108 0.074845 -5.645499 0.585004 0.014913 -0.810894 294.6844
321.0 -0.83237 0.102443 -0.54467 -18.12343 0.077728 0.994633 0.068289 -5.596317 0.548742 0.014506 -0.835866 294.0467
322.0 -0.855053 0.099719 -0.508863 -18.50534 0.078903 0.994928 0.062389 -5.550791 0.512503 0.013195 -0.858584 293.3496
323.0 -0.875764 0.097833 -0.472723 -18.87203 0.078503 0.995076 0.060504 -5.509383 0.476314 0.015877 -0.879132 292.6362
324.0 -0.89543 0.094453 -0.435067 -19.21381 0.076708 0.995353 0.058213 -5.47294 0.438544 0.018752 -0.898514 291.8625
325.0 -0.913017 0.093618 -0.397033 -19.53852 0.077944 0.995413 0.055473 -5.435497 0.400406 0.019701 -0.916126 291.0794
326.0 -0.928813 0.095588 -0.358007 -19.84548 0.081619 0.995201 0.053969 -5.397191 0.361448 0.020907 -0.932158 290.2408
327.0 -0.942603 0.099212 -0.318837 -20.12922 0.086846 0.994821 0.052807 -5.364689 0.322425 0.022086 -0.946337 289.3905
328.0 -0.954698 0.099695 -0.280378 -20.38184 0.088263 0.994679 0.053141 -5.330467 0.284184 0.025987 -0.958418 288.5047
329.0 -0.964622 0.102636 -0.242839 -20.61251 0.092559 0.994318 0.052579 -5.29613 0.246856 0.028242 -0.968641 287.5677
330.0 -0.973179 0.101988 -0.206208 -20.81155 0.093287 0.994306 0.051514 -5.265003 0.210288 0.030896 -0.977151 286.6208
331.0 -0.979985 0.100218 -0.172006 -20.97738 0.093676 0.994551 0.04576 -5.231887 0.175655 0.028731 -0.984032 285.6322
332.0 -0.985364 0.098838 -0.138881 -21.11659 0.093991 0.994726 0.041055 -5.198232 0.142207 0.0274 -0.989458 284.6297
333.0 -0.989399 0.098011 -0.107164 -21.22691 0.094243 0.994758 0.039693 -5.169612 0.110493 0.029173 -0.993449 283.5931
334.0 -0.992432 0.096225 -0.076288 -21.30702 0.093518 0.99488 0.038309 -5.143301 0.079584 0.030885 -0.99635 282.5205
335.0 -0.994366 0.094834 -0.047356 -21.35871 0.093164 0.994989 0.036309 -5.118237 0.050562 0.031692 -0.998218 281.4312
336.0 -0.995236 0.09527 -0.020712 -21.38358 0.094534 0.994939 0.034043 -5.092068 0.02385 0.031922 -0.999206 280.3112
337.0 -0.995753 0.091963 0.004401 -21.37724 0.09206 0.995159 0.034403 -5.068634 -0.001216 0.034662 -0.999398 279.1733
338.0 -0.995538 0.090144 0.027897 -21.34556 0.091076 0.995258 0.034148 -5.044246 -0.024687 0.036537 -0.999027 278.0075
339.0 -0.994999 0.087442 0.048283 -21.28976 0.089068 0.995491 0.032632 -5.02153 -0.045212 0.036769 -0.998301 276.8295
340.0 -0.994471 0.082744 0.064654 -21.20924 0.084787 0.995962 0.029519 -5.001358 -0.06195 0.034838 -0.997471 275.6388
