1.000000 1.000000 0.000720 -0.000687 -0.014018 -0.000720 1.000000 -0.000130 -0.028203 0.000687 0.000130 1.000000 1.198998
2.000000 0.999998 0.001431 -0.001366 -0.027874 -0.001431 0.999999 -0.000258 -0.056081 0.001366 0.000260 0.999999 2.384181
3.000000 0.999996 0.002146 -0.002049 -0.041803 -0.002146 0.999998 -0.000386 -0.084106 0.002048 0.000391 0.999998 3.575628
4.000000 0.999992 0.002860 -0.002732 -0.055735 -0.002862 0.999996 -0.000515 -0.112136 0.002730 0.000523 0.999996 4.767291
5.000000 0.999988 0.003577 -0.003417 -0.069707 -0.003579 0.999993 -0.000644 -0.140244 0.003414 0.000656 0.999994 5.962283
6.000000 0.999982 0.004290 -0.004099 -0.083626 -0.004294 0.999991 -0.000773 -0.168246 0.004096 0.000790 0.999991 7.152769
7.000000 0.999976 0.005005 -0.004782 -0.097570 -0.005009 0.999987 -0.000902 -0.196298 0.004778 0.000926 0.999988 8.345400
8.000000 0.999969 0.005719 -0.005465 -0.111499 -0.005724 0.999983 -0.001030 -0.224319 0.005459 0.001062 0.999985 9.536762
9.000000 0.999960 0.006432 -0.006148 -0.125431 -0.006440 0.999979 -0.001159 -0.252345 0.006140 0.001199 0.999980 10.728320
10.000000 0.999951 0.007146 -0.006831 -0.139362 -0.007155 0.999974 -0.001288 -0.280370 0.006821 0.001336 0.999976 11.919830
11.000000 0.999941 0.007859 -0.007514 -0.153300 -0.007870 0.999968 -0.001416 -0.308407 0.007503 0.001475 0.999971 13.111910
12.000000 0.999931 0.008436 -0.008163 -0.167141 -0.008449 0.999963 -0.001521 -0.336295 0.008150 0.001589 0.999965 14.303480
13.000000 0.999906 0.010215 -0.009110 -0.181814 -0.010232 0.999946 -0.001840 -0.365424 0.009091 0.001933 0.999957 15.496590
14.000000 0.999905 0.009943 -0.009559 -0.195073 -0.009960 0.999949 -0.001783 -0.392444 0.009541 0.001878 0.999953 16.687580
15.000000 0.999904 0.009374 -0.010151 -0.208176 -0.009389 0.999955 -0.001454 -0.419151 0.010137 0.001549 0.999947 17.881040
16.000000 0.999903 0.009037 -0.010638 -0.222069 -0.009049 0.999958 -0.001052 -0.445081 0.010628 0.001148 0.999943 19.076630
17.000000 0.999893 0.009270 -0.011333 -0.237295 -0.009293 0.999955 -0.001972 -0.471514 0.011314 0.002077 0.999934 20.270190
18.000000 0.999889 0.009007 -0.011828 -0.253156 -0.009043 0.999954 -0.003012 -0.497782 0.011800 0.003119 0.999926 21.464680
19.000000 0.999874 0.009613 -0.012639 -0.270764 -0.009644 0.999951 -0.002411 -0.524744 0.012615 0.002532 0.999917 22.658830
20.000000 0.999862 0.009850 -0.013361 -0.288791 -0.009881 0.999949 -0.002277 -0.552730 0.013338 0.002409 0.999908 23.852960
21.000000 0.999850 0.009852 -0.014275 -0.307115 -0.009897 0.999946 -0.003042 -0.581233 0.014244 0.003183 0.999893 25.046840
22.000000 0.999835 0.010115 -0.015105 -0.327351 -0.010157 0.999945 -0.002703 -0.606984 0.015077 0.002856 0.999882 26.243100
23.000000 0.999832 0.009255 -0.015808 -0.347249 -0.009265 0.999957 -0.000534 -0.632943 0.015803 0.000681 0.999875 27.441680
24.000000 0.999823 0.008611 -0.016705 -0.367798 -0.008618 0.999963 -0.000328 -0.656564 0.016702 0.000472 0.999860 28.637120
25.000000 0.999815 0.007985 -0.017520 -0.389214 -0.008016 0.999966 -0.001704 -0.682426 0.017505 0.001844 0.999845 29.828300
26.000000 0.999801 0.007461 -0.018510 -0.411276 -0.007509 0.999969 -0.002504 -0.708720 0.018491 0.002642 0.999826 31.027940
27.000000 0.999784 0.007873 -0.019259 -0.435716 -0.007922 0.999965 -0.002506 -0.735647 0.019239 0.002658 0.999811 32.231930
28.000000 0.999774 0.007404 -0.019917 -0.459653 -0.007444 0.999970 -0.001950 -0.763253 0.019902 0.002098 0.999800 33.420240
29.000000 0.999763 0.007159 -0.020562 -0.484698 -0.007196 0.999973 -0.001689 -0.791594 0.020549 0.001837 0.999787 34.614800
30.000000 0.999758 0.006403 -0.021055 -0.509819 -0.006438 0.999978 -0.001613 -0.818272 0.021044 0.001748 0.999777 35.812560
31.000000 0.999745 0.006469 -0.021649 -0.536706 -0.006506 0.999977 -0.001615 -0.845783 0.021638 0.001755 0.999764 37.009280
32.000000 0.999746 0.005596 -0.021850 -0.562741 -0.005621 0.999984 -0.001117 -0.873467 0.021843 0.001239 0.999761 38.206900
33.000000 0.999747 0.005730 -0.021758 -0.590462 -0.005730 0.999984 0.000089 -0.900111 0.021758 0.000036 0.999763 39.405490
34.000000 0.999747 0.006201 -0.021606 -0.618170 -0.006180 0.999980 0.001031 -0.926858 0.021612 -0.000898 0.999766 40.602440
35.000000 0.999743 0.006994 -0.021554 -0.646632 -0.006983 0.999975 0.000616 -0.953129 0.021558 -0.000465 0.999768 41.798710
36.000000 0.999739 0.007822 -0.021450 -0.675668 -0.007813 0.999969 0.000521 -0.977631 0.021453 -0.000353 0.999770 42.995920
37.000000 0.999722 0.010798 -0.020977 -0.708016 -0.010758 0.999940 0.002023 -1.000412 0.020997 -0.001797 0.999778 44.195630
38.000000 0.999751 0.011074 -0.019367 -0.735861 -0.010976 0.999927 0.005141 -1.020365 0.019423 -0.004928 0.999799 45.395630
39.000000 0.999777 0.011637 -0.017606 -0.761728 -0.011500 0.999903 0.007872 -1.037444 0.017696 -0.007667 0.999814 46.596120
40.000000 0.999804 0.011920 -0.015821 -0.784447 -0.011744 0.999869 0.011163 -1.051207 0.015952 -0.010975 0.999812 47.801490
41.000000 0.999827 0.011607 -0.014513 -0.805020 -0.011415 0.999847 0.013268 -1.064092 0.014665 -0.013100 0.999807 49.004540
42.000000 0.999865 0.009923 -0.013056 -0.822002 -0.009773 0.999886 0.011538 -1.073850 0.013169 -0.011409 0.999848 50.203480
43.000000 0.999874 0.010398 -0.011998 -0.840290 -0.010288 0.999904 0.009223 -1.085315 0.012093 -0.009099 0.999885 51.404570
44.000000 0.999871 0.011547 -0.011184 -0.859463 -0.011447 0.999894 0.009040 -1.098286 0.011287 -0.008911 0.999897 52.605830
45.000000 0.999882 0.010573 -0.011143 -0.875378 -0.010478 0.999908 0.008575 -1.112635 0.011233 -0.008457 0.999901 53.811250
46.000000 0.999880 0.009905 -0.011884 -0.892873 -0.009812 0.999921 0.007861 -1.127883 0.011961 -0.007744 0.999899 55.015200
47.000000 0.999859 0.010072 -0.013420 -0.911860 -0.009968 0.999920 0.007815 -1.143152 0.013497 -0.007680 0.999879 56.220270
48.000000 0.999837 0.010097 -0.014945 -0.933231 -0.009958 0.999907 0.009340 -1.160687 0.015038 -0.009189 0.999845 57.427770
49.000000 0.999822 0.010094 -0.015909 -0.956215 -0.009940 0.999903 0.009725 -1.175655 0.016006 -0.009565 0.999826 58.632620
50.000000 0.999799 0.011053 -0.016745 -0.981436 -0.010895 0.999896 0.009470 -1.190278 0.016848 -0.009286 0.999815 59.838570
51.000000 0.999782 0.011445 -0.017458 -1.006715 -0.011283 0.999893 0.009353 -1.205600 0.017563 -0.009154 0.999804 61.042090
52.000000 0.999786 0.010801 -0.017632 -1.031126 -0.010647 0.999905 0.008801 -1.221320 0.017726 -0.008611 0.999806 62.245630
53.000000 0.999795 0.009509 -0.017851 -1.053863 -0.009371 0.999926 0.007819 -1.237483 0.017924 -0.007650 0.999810 63.447470
54.000000 0.999793 0.009088 -0.018201 -1.078473 -0.008930 0.999922 0.008752 -1.251701 0.018279 -0.008588 0.999796 64.647550
55.000000 0.999789 0.009083 -0.018429 -1.103193 -0.008882 0.999901 0.010940 -1.267101 0.018526 -0.010774 0.999770 65.850400
56.000000 0.999779 0.009524 -0.018729 -1.129538 -0.009347 0.999911 0.009496 -1.281112 0.018818 -0.009319 0.999780 67.047610
57.000000 0.999762 0.011034 -0.018802 -1.157680 -0.010888 0.999910 0.007813 -1.293922 0.018887 -0.007606 0.999793 68.241070
58.000000 0.999735 0.013196 -0.018879 -1.186930 -0.013047 0.999883 0.007979 -1.309417 0.018982 -0.007730 0.999790 69.435270
59.000000 0.999710 0.015004 -0.018812 -1.215316 -0.014852 0.999856 0.008237 -1.324678 0.018933 -0.007955 0.999789 70.626160
60.000000 0.999688 0.016657 -0.018598 -1.243226 -0.016497 0.999826 0.008714 -1.339456 0.018740 -0.008404 0.999789 71.816000
61.000000 0.999699 0.017065 -0.017624 -1.268567 -0.016897 0.999811 0.009638 -1.355743 0.017785 -0.009337 0.999798 73.002190
62.000000 0.999704 0.018732 -0.015552 -1.292838 -0.018574 0.999775 0.010214 -1.371470 0.015740 -0.009922 0.999827 74.187490
63.000000 0.999752 0.018143 -0.012913 -1.310252 -0.018022 0.999793 0.009430 -1.390125 0.013082 -0.009195 0.999872 75.365540
64.000000 0.999836 0.014638 -0.010625 -1.320138 -0.014598 0.999886 0.003881 -1.407515 0.010681 -0.003725 0.999936 76.540790
65.000000 0.999851 0.015193 -0.008186 -1.330920 -0.015176 0.999883 0.002170 -1.427085 0.008218 -0.002045 0.999964 77.716300
66.000000 0.999881 0.014502 -0.005258 -1.337950 -0.014471 0.999877 0.006034 -1.448797 0.005344 -0.005957 0.999968 78.894600
67.000000 0.999892 0.014593 -0.001934 -1.340942 -0.014577 0.999862 0.007962 -1.468534 0.002050 -0.007933 0.999966 80.068430
68.000000 0.999885 0.015025 0.002052 -1.342290 -0.015036 0.999871 0.005713 -1.485826 -0.001966 -0.005743 0.999982 81.234540
69.000000 0.999885 0.014134 0.005503 -1.335651 -0.014151 0.999895 0.003139 -1.506096 -0.005458 -0.003217 0.999980 82.399130
70.000000 0.999880 0.012729 0.008863 -1.323865 -0.012723 0.999919 -0.000739 -1.530312 -0.008872 0.000627 0.999961 83.558010
71.000000 0.999856 0.011874 0.012145 -1.309268 -0.011852 0.999928 -0.001833 -1.555472 -0.012166 0.001689 0.999925 84.717450
72.000000 0.999807 0.011676 0.015782 -1.292993 -0.011679 0.999932 0.000065 -1.580587 -0.015780 -0.000250 0.999876 85.876960
73.000000 0.999726 0.012771 0.019620 -1.273121 -0.012792 0.999918 0.000960 -1.605074 -0.019606 -0.001211 0.999807 87.031140
74.000000 0.999651 0.012444 0.023284 -1.247131 -0.012416 0.999922 -0.001357 -1.630673 -0.023299 0.001068 0.999728 88.183830
75.000000 0.999574 0.012125 0.026560 -1.216671 -0.012024 0.999920 -0.003936 -1.656163 -0.026606 0.003615 0.999640 89.333360
76.000000 0.999481 0.012213 0.029818 -1.182745 -0.012089 0.999918 -0.004337 -1.683163 -0.029869 0.003974 0.999546 90.483440
77.000000 0.999406 0.010864 0.032693 -1.144128 -0.010768 0.999937 -0.003109 -1.710419 -0.032725 0.002755 0.999461 91.636550
78.000000 0.999319 0.010109 0.035490 -1.101750 -0.010051 0.999948 -0.001788 -1.736086 -0.035506 0.001430 0.999368 92.791290
79.000000 0.999225 0.009288 0.038244 -1.056015 -0.009297 0.999957 0.000069 -1.760650 -0.038242 -0.000425 0.999268 93.947130
80.000000 0.999138 0.008158 0.040694 -1.006119 -0.008215 0.999965 0.001233 -1.785071 -0.040682 -0.001566 0.999171 95.102620
81.000000 0.999053 0.006863 0.042962 -0.953966 -0.006830 0.999976 -0.000919 -1.809543 -0.042967 0.000625 0.999076 96.255380
82.000000 0.998965 0.005399 0.045154 -0.897540 -0.005201 0.999976 -0.004483 -1.834871 -0.045177 0.004243 0.998970 97.413170
83.000000 0.998869 0.005749 0.047208 -0.841003 -0.005394 0.999956 -0.007635 -1.861916 -0.047250 0.007372 0.998856 98.572220
84.000000 0.998790 0.005895 0.048830 -0.782045 -0.005478 0.999947 -0.008664 -1.891643 -0.048879 0.008386 0.998769 99.739680
85.000000 0.998760 0.005954 0.049436 -0.723357 -0.005563 0.999952 -0.008049 -1.922457 -0.049482 0.007764 0.998745 100.914100
86.000000 0.998795 0.006151 0.048691 -0.665532 -0.005864 0.999965 -0.006040 -1.953029 -0.048726 0.005747 0.998796 102.094700
87.000000 0.998865 0.005468 0.047327 -0.607718 -0.005265 0.999976 -0.004407 -1.983093 -0.047350 0.004153 0.998870 103.278800
88.000000 0.998956 0.005748 0.045328 -0.550571 -0.005584 0.999977 -0.003760 -2.012875 -0.045349 0.003502 0.998965 104.470000
89.000000 0.999063 0.005896 0.042871 -0.497748 -0.005765 0.999978 -0.003162 -2.041118 -0.042888 0.002912 0.999076 105.667900
90.000000 0.999189 0.006377 0.039767 -0.448327 -0.006256 0.999975 -0.003173 -2.069739 -0.039786 0.002922 0.999204 106.867200
91.000000 0.999321 0.007835 0.036008 -0.405377 -0.007715 0.999964 -0.003480 -2.098282 -0.036034 0.003200 0.999345 108.071900
92.000000 0.999453 0.007975 0.032100 -0.365108 -0.007875 0.999964 -0.003269 -2.127000 -0.032124 0.003015 0.999479 109.278600
93.000000 0.999569 0.008622 0.028059 -0.329075 -0.008566 0.999961 -0.002141 -2.156853 -0.028076 0.001900 0.999604 110.491600
94.000000 0.999679 0.008809 0.023739 -0.298528 -0.008781 0.999961 -0.001299 -2.185665 -0.023749 0.001090 0.999717 111.707300
95.000000 0.999774 0.008964 0.019291 -0.272672 -0.008955 0.999960 -0.000529 -2.213402 -0.019295 0.000356 0.999814 112.923700
96.000000 0.999851 0.009347 0.014502 -0.253779 -0.009344 0.999956 -0.000311 -2.240145 -0.014504 0.000175 0.999895 114.142500
97.000000 0.999903 0.010178 0.009563 -0.241552 -0.010176 0.999948 -0.000272 -2.267804 -0.009566 0.000175 0.999954 115.362800
98.000000 0.999932 0.010694 0.004604 -0.234072 -0.010691 0.999943 -0.000526 -2.296830 -0.004609 0.000477 0.999989 116.586000
99.000000 0.999933 0.011580 -0.000049 -0.232571 -0.011580 0.999932 -0.001084 -2.327575 0.000037 0.001084 0.999999 117.811600
100.000000 0.999903 0.013415 -0.003741 -0.237293 -0.013420 0.999909 -0.001356 -2.358001 0.003722 0.001406 0.999992 119.039900
101.000000 0.999859 0.015760 -0.005859 -0.246444 -0.015767 0.999875 -0.001137 -2.388148 0.005840 0.001229 0.999982 120.271400
102.000000 0.999837 0.016711 -0.006829 -0.256232 -0.016721 0.999859 -0.001409 -2.417424 0.006804 0.001523 0.999976 121.501300
103.000000 0.999791 0.018842 -0.007908 -0.269679 -0.018851 0.999822 -0.000979 -2.444635 0.007888 0.001128 0.999968 122.742400
104.000000 0.999755 0.020256 -0.008899 -0.283572 -0.020255 0.999795 0.000204 -2.471500 0.008901 -0.000024 0.999960 123.982900
105.000000 0.999747 0.020295 -0.009654 -0.297015 -0.020294 0.999794 0.000181 -2.498919 0.009656 0.000015 0.999953 125.224100
106.000000 0.999667 0.023568 -0.010493 -0.316815 -0.023550 0.999721 0.001895 -2.521615 0.010535 -0.001647 0.999943 126.470200
107.000000 0.999621 0.025202 -0.011066 -0.336076 -0.025149 0.999672 0.004831 -2.543289 0.011184 -0.004551 0.999927 127.720200
108.000000 0.999638 0.024177 -0.011842 -0.353204 -0.024115 0.999695 0.005347 -2.561295 0.011967 -0.005060 0.999916 128.969900
109.000000 0.999638 0.023881 -0.012385 -0.370442 -0.023840 0.999710 0.003443 -2.578125 0.012464 -0.003147 0.999917 130.220100
110.000000 0.999690 0.021164 -0.013117 -0.384545 -0.021111 0.999768 0.004148 -2.596170 0.013202 -0.003870 0.999905 131.475600
111.000000 0.999723 0.018818 -0.014139 -0.397623 -0.018733 0.999806 0.006089 -2.614808 0.014251 -0.005822 0.999881 132.733500
112.000000 0.999767 0.016033 -0.014447 -0.413373 -0.015920 0.999842 0.007942 -2.631357 0.014572 -0.007710 0.999864 133.995900
113.000000 0.999789 0.014276 -0.014765 -0.429912 -0.014133 0.999852 0.009779 -2.646140 0.014903 -0.009568 0.999843 135.259300
114.000000 0.999843 0.009895 -0.014709 -0.443887 -0.009781 0.999922 0.007791 -2.660056 0.014785 -0.007646 0.999861 136.522600
115.000000 0.999865 0.007231 -0.014754 -0.457056 -0.007142 0.999956 0.006079 -2.675992 0.014798 -0.005973 0.999873 137.789500
116.000000 0.999878 0.005645 -0.014577 -0.472057 -0.005557 0.999966 0.006041 -2.693213 0.014611 -0.005959 0.999876 139.056800
117.000000 0.999882 0.005598 -0.014306 -0.490815 -0.005506 0.999964 0.006457 -2.711316 0.014341 -0.006377 0.999877 140.330600
118.000000 0.999890 0.005971 -0.013603 -0.509951 -0.005860 0.999949 0.008233 -2.728134 0.013651 -0.008152 0.999874 141.606000
119.000000 0.999880 0.008592 -0.012894 -0.531657 -0.008463 0.999914 0.009987 -2.744134 0.012978 -0.009876 0.999867 142.880200
120.000000 0.999887 0.008661 -0.012319 -0.550146 -0.008548 0.999921 0.009183 -2.759529 0.012397 -0.009076 0.999882 144.153000
121.000000 0.999889 0.008954 -0.011912 -0.568107 -0.008876 0.999939 0.006572 -2.775354 0.011970 -0.006465 0.999907 145.424100
122.000000 0.999892 0.009105 -0.011494 -0.586224 -0.009054 0.999949 0.004500 -2.794830 0.011535 -0.004395 0.999924 146.694000
123.000000 0.999906 0.007812 -0.011258 -0.601569 -0.007809 0.999969 0.000373 -2.818864 0.011261 -0.000285 0.999937 147.961100
124.000000 0.999911 0.007891 -0.010759 -0.618401 -0.007925 0.999964 -0.003120 -2.844547 0.010734 0.003205 0.999937 149.227000
125.000000 0.999915 0.007644 -0.010591 -0.634443 -0.007689 0.999961 -0.004244 -2.875057 0.010558 0.004325 0.999935 150.492400
126.000000 0.999915 0.007471 -0.010681 -0.649286 -0.007512 0.999964 -0.003858 -2.908757 0.010652 0.003938 0.999935 151.756200
127.000000 0.999910 0.008117 -0.010647 -0.666905 -0.008155 0.999961 -0.003509 -2.939717 0.010618 0.003595 0.999937 153.024800
128.000000 0.999901 0.008932 -0.010890 -0.684175 -0.008958 0.999957 -0.002288 -2.969914 0.010869 0.002385 0.999938 154.288300
129.000000 0.999894 0.009403 -0.011142 -0.703475 -0.009423 0.999954 -0.001717 -2.997619 0.011125 0.001822 0.999937 155.553300
130.000000 0.999885 0.009671 -0.011684 -0.721231 -0.009695 0.999951 -0.001965 -3.024885 0.011664 0.002078 0.999930 156.816900
131.000000 0.999874 0.009992 -0.012322 -0.740134 -0.010015 0.999948 -0.001785 -3.051707 0.012304 0.001908 0.999923 158.077800
132.000000 0.999871 0.009437 -0.013005 -0.758140 -0.009447 0.999955 -0.000681 -3.079341 0.012998 0.000804 0.999915 159.342200
133.000000 0.999853 0.010308 -0.013665 -0.778517 -0.010314 0.999947 -0.000364 -3.107330 0.013660 0.000505 0.999907 160.603700
134.000000 0.999842 0.010592 -0.014277 -0.798967 -0.010612 0.999943 -0.001296 -3.135262 0.014263 0.001448 0.999897 161.864100
135.000000 0.999825 0.011036 -0.015101 -0.821014 -0.011074 0.999936 -0.002388 -3.162340 0.015074 0.002554 0.999883 163.126200
136.000000 0.999806 0.011875 -0.015716 -0.844849 -0.011913 0.999926 -0.002367 -3.191224 0.015687 0.002553 0.999874 164.390300
137.000000 0.999799 0.011556 -0.016376 -0.867607 -0.011608 0.999928 -0.003044 -3.221845 0.016340 0.003234 0.999861 165.651900
138.000000 0.999783 0.011811 -0.017189 -0.891591 -0.011886 0.999920 -0.004239 -3.252329 0.017138 0.004443 0.999843 166.914300
139.000000 0.999770 0.011987 -0.017807 -0.915926 -0.012061 0.999919 -0.004075 -3.282708 0.017757 0.004289 0.999833 168.176500
140.000000 0.999752 0.012336 -0.018524 -0.941804 -0.012387 0.999920 -0.002645 -3.313952 0.018490 0.002874 0.999825 169.441400
141.000000 0.999737 0.012410 -0.019265 -0.968255 -0.012454 0.999920 -0.002172 -3.344600 0.019236 0.002412 0.999812 170.704700
142.000000 0.999720 0.012773 -0.019905 -0.995770 -0.012813 0.999916 -0.001865 -3.373848 0.019880 0.002119 0.999800 171.970700
143.000000 0.999700 0.013211 -0.020625 -1.024319 -0.013244 0.999911 -0.001499 -3.402447 0.020603 0.001772 0.999786 173.234300
144.000000 0.999685 0.013420 -0.021229 -1.053647 -0.013471 0.999907 -0.002272 -3.431925 0.021197 0.002557 0.999772 174.498300
145.000000 0.999661 0.014451 -0.021672 -1.083166 -0.014518 0.999890 -0.002936 -3.461238 0.021627 0.003250 0.999761 175.759000
146.000000 0.999649 0.014653 -0.022078 -1.111965 -0.014710 0.999889 -0.002419 -3.491932 0.022040 0.002743 0.999753 177.026400
147.000000 0.999642 0.014574 -0.022419 -1.140940 -0.014652 0.999887 -0.003317 -3.523533 0.022368 0.003645 0.999743 178.289100
148.000000 0.999659 0.013258 -0.022501 -1.167498 -0.013378 0.999897 -0.005207 -3.555449 0.022429 0.005507 0.999733 179.549200
149.000000 0.999687 0.010306 -0.022777 -1.193384 -0.010420 0.999934 -0.004874 -3.587083 0.022725 0.005110 0.999729 180.810700
150.000000 0.999681 0.010249 -0.023069 -1.220912 -0.010289 0.999946 -0.001635 -3.617217 0.023051 0.001872 0.999733 182.072200
151.000000 0.999681 0.010029 -0.023163 -1.249819 -0.009950 0.999944 0.003521 -3.644685 0.023197 -0.003289 0.999726 183.336700
152.000000 0.999673 0.010363 -0.023361 -1.280267 -0.010301 0.999943 0.002758 -3.669131 0.023388 -0.002516 0.999723 184.593400
153.000000 0.999661 0.012019 -0.023115 -1.311919 -0.012030 0.999928 -0.000322 -3.694209 0.023110 0.000600 0.999733 185.843100
154.000000 0.999650 0.012304 -0.023417 -1.342768 -0.012367 0.999920 -0.002534 -3.722358 0.023384 0.002823 0.999723 187.092300
155.000000 0.999651 0.011883 -0.023590 -1.371475 -0.011944 0.999926 -0.002449 -3.752664 0.023559 0.002730 0.999719 188.338800
156.000000 0.999653 0.011928 -0.023508 -1.400872 -0.011950 0.999928 -0.000804 -3.781861 0.023497 0.001084 0.999723 189.585600
157.000000 0.999655 0.012029 -0.023344 -1.429913 -0.012005 0.999927 0.001190 -3.811043 0.023356 -0.000909 0.999727 190.830800
158.000000 0.999676 0.011435 -0.022730 -1.456920 -0.011390 0.999933 0.002138 -3.839753 0.022752 -0.001878 0.999739 192.069700
159.000000 0.999705 0.011470 -0.021396 -1.482347 -0.011437 0.999933 0.001663 -3.868861 0.021413 -0.001418 0.999770 193.303500
160.000000 0.999749 0.010080 -0.020023 -1.504387 -0.010083 0.999949 -0.000043 -3.897568 0.020021 0.000245 0.999799 194.534400
161.000000 0.999773 0.010028 -0.018774 -1.525428 -0.010057 0.999948 -0.001474 -3.929306 0.018759 0.001662 0.999823 195.761000
162.000000 0.999807 0.009130 -0.017421 -1.543340 -0.009171 0.999955 -0.002294 -3.962116 0.017399 0.002454 0.999846 196.981600
163.000000 0.999826 0.009265 -0.016177 -1.561315 -0.009290 0.999956 -0.001430 -3.994523 0.016163 0.001581 0.999868 198.198700
164.000000 0.999851 0.008955 -0.014784 -1.577337 -0.008947 0.999960 0.000579 -4.025379 0.014789 -0.000447 0.999891 199.411500
165.000000 0.999861 0.009655 -0.013622 -1.593225 -0.009642 0.999953 0.000997 -4.055718 0.013631 -0.000865 0.999907 200.619200
166.000000 0.999877 0.009446 -0.012535 -1.607052 -0.009436 0.999955 0.000804 -4.084508 0.012542 -0.000685 0.999921 201.820700
167.000000 0.999885 0.009830 -0.011541 -1.619569 -0.009818 0.999951 0.001105 -4.112611 0.011551 -0.000991 0.999933 203.015500
168.000000 0.999895 0.010090 -0.010420 -1.629855 -0.010075 0.999948 0.001523 -4.142166 0.010435 -0.001418 0.999945 204.203300
169.000000 0.999903 0.010078 -0.009653 -1.639698 -0.010067 0.999949 0.001180 -4.168995 0.009664 -0.001083 0.999953 205.382100
170.000000 0.999910 0.010124 -0.008755 -1.649074 -0.010113 0.999948 0.001287 -4.196218 0.008767 -0.001199 0.999961 206.552500
171.000000 0.999927 0.008942 -0.008192 -1.655974 -0.008931 0.999959 0.001450 -4.223531 0.008205 -0.001377 0.999965 207.709400
172.000000 0.999930 0.008776 -0.007973 -1.663162 -0.008760 0.999960 0.002035 -4.250230 0.007990 -0.001965 0.999966 208.852200
173.000000 0.999931 0.008301 -0.008283 -1.670517 -0.008273 0.999960 0.003418 -4.277047 0.008311 -0.003349 0.999960 209.981800
174.000000 0.999923 0.008544 -0.008973 -1.680916 -0.008514 0.999958 0.003387 -4.301812 0.009001 -0.003310 0.999954 211.093700
175.000000 0.999917 0.008823 -0.009347 -1.692609 -0.008801 0.999958 0.002405 -4.326860 0.009367 -0.002322 0.999953 212.190700
176.000000 0.999911 0.009130 -0.009785 -1.705386 -0.009115 0.999957 0.001514 -4.351615 0.009799 -0.001424 0.999951 213.274900
177.000000 0.999905 0.009065 -0.010345 -1.717659 -0.009051 0.999958 0.001322 -4.376802 0.010356 -0.001228 0.999946 214.345300
178.000000 0.999898 0.008510 -0.011461 -1.730641 -0.008495 0.999963 0.001398 -4.402081 0.011472 -0.001301 0.999933 215.404600
179.000000 0.999882 0.008129 -0.013047 -1.744177 -0.008102 0.999965 0.002155 -4.426871 0.013064 -0.002049 0.999913 216.448200
180.000000 0.999862 0.007076 -0.015012 -1.758097 -0.007022 0.999969 0.003614 -4.450451 0.015037 -0.003508 0.999881 217.485400
181.000000 0.999825 0.007305 -0.017215 -1.775959 -0.007207 0.999957 0.005783 -4.472509 0.017256 -0.005657 0.999835 218.507700
182.000000 0.999783 0.007516 -0.019455 -1.796549 -0.007402 0.999955 0.005915 -4.494237 0.019499 -0.005769 0.999793 219.511400
183.000000 0.999724 0.007888 -0.022139 -1.820190 -0.007773 0.999956 0.005294 -4.513126 0.022180 -0.005121 0.999741 220.495000
184.000000 0.999659 0.007967 -0.024872 -1.844527 -0.007836 0.999955 0.005350 -4.532452 0.024913 -0.005153 0.999676 221.461200
185.000000 0.999579 0.008538 -0.027723 -1.871601 -0.008374 0.999947 0.006029 -4.553298 0.027773 -0.005794 0.999598 222.402600
186.000000 0.999489 0.008895 -0.030709 -1.900504 -0.008714 0.999944 0.006029 -4.574348 0.030761 -0.005758 0.999510 223.322800
187.000000 0.999390 0.008840 -0.033772 -1.931080 -0.008664 0.999948 0.005361 -4.594192 0.033818 -0.005065 0.999415 224.219200
188.000000 0.999278 0.008633 -0.037003 -1.963226 -0.008457 0.999952 0.004913 -4.613875 0.037044 -0.004596 0.999303 225.093200
189.000000 0.999147 0.009830 -0.040111 -1.999321 -0.009648 0.999942 0.004731 -4.634336 0.040155 -0.004340 0.999184 225.946200
190.000000 0.999019 0.010114 -0.043111 -2.036110 -0.009956 0.999943 0.003883 -4.655490 0.043147 -0.003450 0.999063 226.775800
191.000000 0.998893 0.012049 -0.045469 -2.076063 -0.011879 0.999921 0.004021 -4.674144 0.045513 -0.003476 0.998958 227.588500
192.000000 0.998845 0.012854 -0.046288 -2.113952 -0.012673 0.999911 0.004213 -4.692285 0.046338 -0.003622 0.998919 228.382000
193.000000 0.998855 0.012918 -0.046067 -2.149429 -0.012684 0.999905 0.005376 -4.710568 0.046132 -0.004786 0.998924 229.159000
194.000000 0.998877 0.013013 -0.045560 -2.182836 -0.012743 0.999900 0.006211 -4.728951 0.045637 -0.005623 0.998942 229.916600
195.000000 0.998893 0.012810 -0.045251 -2.215172 -0.012567 0.999905 0.005646 -4.746558 0.045319 -0.005071 0.998960 230.657700
196.000000 0.998902 0.013277 -0.044932 -2.247910 -0.013123 0.999907 0.003719 -4.762455 0.044977 -0.003125 0.998983 231.388200
197.000000 0.998938 0.013291 -0.044109 -2.278813 -0.013236 0.999911 0.001535 -4.778921 0.044125 -0.000950 0.999026 232.115600
198.000000 0.998987 0.013313 -0.042985 -2.309140 -0.013318 0.999911 0.000173 -4.795655 0.042984 0.000400 0.999076 232.838300
199.000000 0.999039 0.014038 -0.041512 -2.338553 -0.014062 0.999901 -0.000305 -4.813178 0.041504 0.000888 0.999138 233.560000
200.000000 0.999116 0.013470 -0.039817 -2.364800 -0.013503 0.999909 -0.000566 -4.830531 0.039806 0.001103 0.999207 234.277600
201.000000 0.999191 0.013286 -0.037969 -2.389577 -0.013318 0.999911 -0.000574 -4.847959 0.037958 0.001079 0.999279 234.991500
202.000000 0.999265 0.013364 -0.035925 -2.414706 -0.013396 0.999910 -0.000647 -4.864866 0.035913 0.001128 0.999354 235.702100
203.000000 0.999342 0.013110 -0.033822 -2.437161 -0.013150 0.999913 -0.000935 -4.881579 0.033807 0.001379 0.999428 236.408500
204.000000 0.999434 0.013225 -0.030943 -2.458270 -0.013253 0.999912 -0.000693 -4.896919 0.030931 0.001102 0.999521 237.111600
205.000000 0.999540 0.012310 -0.027726 -2.475218 -0.012320 0.999924 -0.000175 -4.912132 0.027722 0.000517 0.999616 237.811400
206.000000 0.999628 0.011268 -0.024831 -2.489243 -0.011264 0.999937 0.000288 -4.929647 0.024833 -0.000008 0.999692 238.507600
207.000000 0.999701 0.010990 -0.021830 -2.501543 -0.010982 0.999940 0.000482 -4.947554 0.021834 -0.000242 0.999762 239.199900
208.000000 0.999766 0.010599 -0.018872 -2.511949 -0.010598 0.999944 0.000173 -4.965562 0.018873 0.000027 0.999822 239.887800
209.000000 0.999818 0.010382 -0.015996 -2.520293 -0.010388 0.999946 -0.000297 -4.981740 0.015992 0.000463 0.999872 240.575300
210.000000 0.999850 0.011342 -0.013049 -2.528203 -0.011359 0.999935 -0.001234 -4.998210 0.013034 0.001382 0.999914 241.263900
211.000000 0.999885 0.011262 -0.010186 -2.534352 -0.011282 0.999934 -0.001926 -5.015660 0.010164 0.002041 0.999946 241.957300
212.000000 0.999909 0.011299 -0.007336 -2.538348 -0.011307 0.999935 -0.001034 -5.032044 0.007324 0.001117 0.999973 242.653500
213.000000 0.999919 0.011816 -0.004763 -2.543393 -0.011818 0.999930 -0.000382 -5.048170 0.004758 0.000438 0.999989 243.355900
214.000000 0.999930 0.011554 -0.002459 -2.545596 -0.011555 0.999933 -0.000559 -5.064282 0.002453 0.000588 0.999997 244.059000
215.000000 0.999935 0.011393 -0.000171 -2.546852 -0.011393 0.999934 -0.001782 -5.080295 0.000151 0.001784 0.999998 244.763400
216.000000 0.999932 0.011576 0.001542 -2.546619 -0.011569 0.999923 -0.004384 -5.094783 -0.001593 0.004366 0.999989 245.471500
217.000000 0.999938 0.010846 0.002491 -2.545576 -0.010831 0.999924 -0.005935 -5.109038 -0.002555 0.005908 0.999979 246.186300
218.000000 0.999938 0.010772 0.002673 -2.543734 -0.010754 0.999919 -0.006767 -5.126143 -0.002746 0.006738 0.999973 246.908100
219.000000 0.999946 0.010013 0.002849 -2.542056 -0.009993 0.999926 -0.006992 -5.145191 -0.002919 0.006963 0.999972 247.635900
220.000000 0.999936 0.010925 0.003022 -2.541896 -0.010903 0.999915 -0.007170 -5.164585 -0.003100 0.007136 0.999970 248.369500
221.000000 0.999925 0.011761 0.003321 -2.542204 -0.011735 0.999900 -0.007865 -5.185382 -0.003413 0.007826 0.999964 249.111400
222.000000 0.999932 0.011087 0.003527 -2.540944 -0.011052 0.999890 -0.009859 -5.205979 -0.003636 0.009819 0.999945 249.857300
223.000000 0.999966 0.007323 0.003910 -2.535403 -0.007276 0.999906 -0.011664 -5.227370 -0.003995 0.011636 0.999924 250.610000
224.000000 0.999983 0.004024 0.004248 -2.529259 -0.003970 0.999912 -0.012619 -5.246305 -0.004298 0.012602 0.999911 251.370800
225.000000 0.999972 0.005633 0.004842 -2.529475 -0.005587 0.999939 -0.009541 -5.263872 -0.004895 0.009514 0.999943 252.145000
226.000000 0.999935 0.010010 0.005515 -2.534412 -0.009991 0.999944 -0.003462 -5.282956 -0.005549 0.003406 0.999979 252.928900
227.000000 0.999932 0.009754 0.006386 -2.531730 -0.009762 0.999952 0.001240 -5.300222 -0.006374 -0.001302 0.999979 253.716000
228.000000 0.999931 0.008283 0.008265 -2.522827 -0.008278 0.999965 -0.000683 -5.316153 -0.008271 0.000615 0.999966 254.510700
229.000000 0.999881 0.009412 0.012192 -2.516895 -0.009327 0.999931 -0.007073 -5.328791 -0.012258 0.006958 0.999901 255.305600
230.000000 0.999803 0.011553 0.016109 -2.508908 -0.011366 0.999867 -0.011683 -5.345294 -0.016242 0.011498 0.999802 256.111900
231.000000 0.999729 0.013018 0.019313 -2.495854 -0.012796 0.999851 -0.011566 -5.364407 -0.019460 0.011316 0.999747 256.929600
232.000000 0.999677 0.011673 0.022580 -2.476437 -0.011473 0.999894 -0.008995 -5.385775 -0.022682 0.008733 0.999705 257.757800
233.000000 0.999637 0.008632 0.025519 -2.451908 -0.008486 0.999947 -0.005839 -5.406872 -0.025568 0.005620 0.999657 258.592800
234.000000 0.999583 0.006150 0.028219 -2.426274 -0.006038 0.999974 -0.004047 -5.425049 -0.028243 0.003875 0.999594 259.429500
235.000000 0.999489 0.005930 0.031398 -2.401831 -0.005823 0.999977 -0.003499 -5.445288 -0.031418 0.003314 0.999501 260.268500
236.000000 0.999390 0.008171 0.033943 -2.377452 -0.007989 0.999953 -0.005512 -5.467449 -0.033987 0.005237 0.999409 261.102800
237.000000 0.999304 0.008632 0.036290 -2.347909 -0.008352 0.999934 -0.007853 -5.488513 -0.036355 0.007545 0.999310 261.939800
238.000000 0.999204 0.008957 0.038882 -2.315586 -0.008641 0.999928 -0.008277 -5.509575 -0.038953 0.007934 0.999209 262.778700
239.000000 0.999077 0.009861 0.041803 -2.282743 -0.009603 0.999934 -0.006368 -5.533299 -0.041863 0.005960 0.999106 263.621200
240.000000 0.998917 0.011382 0.045108 -2.249292 -0.011192 0.999927 -0.004448 -5.557575 -0.045155 0.003938 0.998972 264.463100
241.000000 0.998782 0.011928 0.047870 -2.211671 -0.011729 0.999921 -0.004421 -5.580169 -0.047919 0.003854 0.998844 265.302600
242.000000 0.998653 0.011797 0.050521 -2.169031 -0.011549 0.999920 -0.005198 -5.601556 -0.050578 0.004607 0.998710 266.145600
243.000000 0.998536 0.010196 0.053115 -2.120601 -0.009915 0.999935 -0.005568 -5.622751 -0.053168 0.005033 0.998573 266.988600
244.000000 0.998464 0.007188 0.054931 -2.070929 -0.006924 0.999964 -0.005009 -5.642388 -0.054965 0.004621 0.998478 267.834500
245.000000 0.998423 0.005721 0.055843 -2.020152 -0.005456 0.999973 -0.004890 -5.662313 -0.055869 0.004577 0.998428 268.682100
246.000000 0.998395 0.004969 0.056421 -1.972336 -0.004700 0.999977 -0.004899 -5.683949 -0.056444 0.004626 0.998395 269.529300
247.000000 0.998366 0.004849 0.056932 -1.923826 -0.004582 0.999978 -0.004819 -5.705921 -0.056954 0.004551 0.998366 270.381600
248.000000 0.998368 0.004824 0.056909 -1.875688 -0.004582 0.999980 -0.004386 -5.726987 -0.056929 0.004118 0.998370 271.234100
249.000000 0.998396 0.005375 0.056369 -1.829452 -0.005169 0.999980 -0.003783 -5.750154 -0.056388 0.003486 0.998403 272.089100
250.000000 0.998460 0.005008 0.055247 -1.783337 -0.004766 0.999978 -0.004509 -5.773108 -0.055269 0.004239 0.998463 272.943200
251.000000 0.998546 0.005133 0.053656 -1.741198 -0.004852 0.999974 -0.005361 -5.793806 -0.053682 0.005093 0.998545 273.795400
252.000000 0.998628 0.005919 0.052021 -1.700845 -0.005598 0.999964 -0.006311 -5.814912 -0.052057 0.006011 0.998626 274.651100
253.000000 0.998695 0.007011 0.050590 -1.660663 -0.006694 0.999957 -0.006417 -5.835884 -0.050633 0.006070 0.998699 275.503500
254.000000 0.998766 0.008133 0.048994 -1.622669 -0.007822 0.999948 -0.006537 -5.858238 -0.049045 0.006146 0.998778 276.354400
255.000000 0.998868 0.008613 0.046776 -1.585579 -0.008339 0.999947 -0.006069 -5.879709 -0.046826 0.005672 0.998887 277.203700
256.000000 0.998995 0.008422 0.044032 -1.550632 -0.008228 0.999956 -0.004593 -5.901149 -0.044068 0.004226 0.999020 278.051600
257.000000 0.999178 0.007024 0.039930 -1.517863 -0.006940 0.999973 -0.002251 -5.921904 -0.039944 0.001972 0.999200 278.896700
258.000000 0.999363 0.005823 0.035195 -1.489305 -0.005819 0.999983 -0.000212 -5.941918 -0.035196 0.000007 0.999380 279.735400
259.000000 0.999522 0.005332 0.030442 -1.466242 -0.005371 0.999985 0.001204 -5.960750 -0.030435 -0.001367 0.999536 280.568700
260.000000 0.999657 0.004914 0.025709 -1.447757 -0.004962 0.999986 0.001818 -5.978025 -0.025699 -0.001945 0.999668 281.389700
261.000000 0.999766 0.004427 0.021173 -1.431895 -0.004482 0.999987 0.002535 -5.994410 -0.021161 -0.002629 0.999773 282.203100
262.000000 0.999858 0.003418 0.016490 -1.419054 -0.003464 0.999990 0.002772 -6.010847 -0.016481 -0.002829 0.999860 283.003600
263.000000 0.999919 0.003020 0.012361 -1.412086 -0.003051 0.999992 0.002497 -6.026687 -0.012353 -0.002534 0.999920 283.787900
264.000000 0.999959 0.003448 0.008391 -1.411252 -0.003469 0.999991 0.002408 -6.040170 -0.008383 -0.002437 0.999962 284.555300
265.000000 0.999982 0.003782 0.004558 -1.414317 -0.003793 0.999990 0.002493 -6.053988 -0.004549 -0.002511 0.999987 285.305200
266.000000 0.999993 0.003534 0.000766 -1.417779 -0.003536 0.999990 0.002648 -6.069167 -0.000756 -0.002651 0.999996 286.035900
267.000000 0.999991 0.002664 -0.003441 -1.423417 -0.002657 0.999995 0.001910 -6.085125 0.003446 -0.001901 0.999992 286.744000
268.000000 0.999958 0.003814 -0.008375 -1.435822 -0.003810 0.999993 0.000515 -6.101380 0.008377 -0.000483 0.999965 287.433100
269.000000 0.999877 0.005429 -0.014695 -1.454441 -0.005450 0.999984 -0.001339 -6.117454 0.014687 0.001419 0.999891 288.100500
270.000000 0.999719 0.006284 -0.022872 -1.477649 -0.006356 0.999975 -0.003101 -6.132605 0.022852 0.003246 0.999734 288.751100
271.000000 0.999432 0.006168 -0.033143 -1.506373 -0.006307 0.999972 -0.004073 -6.149396 0.033117 0.004280 0.999442 289.389000
272.000000 0.998896 0.006605 -0.046514 -1.545617 -0.006812 0.999968 -0.004303 -6.167037 0.046484 0.004615 0.998908 290.017300
273.000000 0.997996 0.007564 -0.062820 -1.597157 -0.007790 0.999964 -0.003355 -6.182453 0.062792 0.003838 0.998019 290.628100
274.000000 0.996547 0.010234 -0.082397 -1.665044 -0.010473 0.999942 -0.002466 -6.196964 0.082367 0.003320 0.996597 291.230000
275.000000 0.994434 0.011933 -0.104684 -1.742378 -0.012246 0.999922 -0.002349 -6.210196 0.104648 0.003618 0.994503 291.806200
276.000000 0.991448 0.013381 -0.129815 -1.834488 -0.013784 0.999903 -0.002210 -6.224247 0.129772 0.003981 0.991536 292.379000
277.000000 0.987444 0.014943 -0.157264 -1.942994 -0.015382 0.999880 -0.001575 -6.237015 0.157222 0.003974 0.987555 292.937400
278.000000 0.982146 0.016370 -0.187409 -2.067997 -0.016693 0.999861 -0.000144 -6.247853 0.187380 0.003270 0.982282 293.467900
279.000000 0.975195 0.016363 -0.220744 -2.209538 -0.016336 0.999865 0.001952 -6.257666 0.220746 0.001703 0.975330 293.998100
280.000000 0.966428 0.016637 -0.256399 -2.367902 -0.016133 0.999862 0.004070 -6.271075 0.256431 0.000204 0.966562 294.512100
281.000000 0.955806 0.018166 -0.293438 -2.543375 -0.016871 0.999834 0.006944 -6.285270 0.293515 -0.001687 0.955953 294.987900
282.000000 0.943122 0.019917 -0.331848 -2.739392 -0.017674 0.999796 0.009776 -6.297631 0.331975 -0.003354 0.943282 295.466700
283.000000 0.928330 0.020796 -0.371175 -2.949047 -0.017502 0.999772 0.012241 -6.307941 0.371345 -0.004868 0.928482 295.901800
284.000000 0.911282 0.020947 -0.411250 -3.178542 -0.016463 0.999760 0.014442 -6.314604 0.411454 -0.006391 0.911408 296.349200
285.000000 0.891514 0.020873 -0.452512 -3.425572 -0.015298 0.999755 0.015976 -6.320980 0.452735 -0.007320 0.891615 296.782800
286.000000 0.868843 0.020588 -0.494660 -3.687333 -0.013753 0.999753 0.017454 -6.328231 0.494897 -0.008362 0.868911 297.164100
287.000000 0.843254 0.019989 -0.537144 -3.968958 -0.011546 0.999751 0.019078 -6.332760 0.537392 -0.009886 0.843275 297.563400
288.000000 0.814534 0.020359 -0.579758 -4.268559 -0.009936 0.999727 0.021147 -6.336992 0.580030 -0.011464 0.814514 297.943900
289.000000 0.782848 0.022098 -0.621821 -4.586321 -0.010431 0.999695 0.022394 -6.339444 0.622126 -0.011044 0.782839 298.261700
290.000000 0.747890 0.021529 -0.663473 -4.922654 -0.008359 0.999700 0.023016 -6.345184 0.663770 -0.011667 0.747846 298.599700
291.000000 0.709248 0.021013 -0.704646 -5.270323 -0.004494 0.999670 0.025288 -6.347814 0.704945 -0.014769 0.709109 298.869400
292.000000 0.666117 0.020480 -0.745566 -5.635576 0.001868 0.999574 0.029127 -6.343982 0.745845 -0.020795 0.665794 299.167200
293.000000 0.618595 0.021215 -0.785423 -6.014393 0.006372 0.999467 0.032015 -6.339964 0.785684 -0.024809 0.618131 299.433700
294.000000 0.567759 0.024919 -0.822818 -6.404391 0.006451 0.999376 0.034717 -6.332310 0.823170 -0.025018 0.567244 299.609200
295.000000 0.515010 0.031745 -0.856596 -6.808874 0.001903 0.999269 0.038176 -6.331276 0.857182 -0.021292 0.514573 299.805000
296.000000 0.460022 0.036539 -0.887155 -7.216405 -0.000961 0.999173 0.040654 -6.326098 0.887907 -0.017849 0.459676 299.975100
297.000000 0.403080 0.038749 -0.914344 -7.620091 -0.001026 0.999122 0.041890 -6.315633 0.915164 -0.015947 0.402766 300.061900
298.000000 0.345398 0.040915 -0.937564 -8.027228 0.000794 0.999036 0.043890 -6.304576 0.938456 -0.015904 0.345033 300.181100
299.000000 0.286916 0.044177 -0.956937 -8.436151 0.003484 0.998881 0.047158 -6.292308 0.957950 -0.016864 0.286441 300.220000
300.000000 0.227628 0.048210 -0.972554 -8.849753 0.005519 0.998694 0.050798 -6.282888 0.973733 -0.016930 0.227065 300.287300
301.000000 0.165841 0.051581 -0.984803 -9.270289 0.008733 0.998515 0.053770 -6.271213 0.986114 -0.017517 0.165144 300.329100
302.000000 0.102029 0.055588 -0.993227 -9.696194 0.009495 0.998338 0.056849 -6.256955 0.994736 -0.015231 0.101332 300.284000
303.000000 0.037282 0.060910 -0.997447 -10.136050 0.012079 0.998040 0.061398 -6.242546 0.999232 -0.014337 0.036473 300.271200
304.000000 -0.028612 0.067612 -0.997301 -10.581290 0.014510 0.997633 0.067219 -6.224323 0.999485 -0.012547 -0.029525 300.229300
305.000000 -0.095673 0.074333 -0.992633 -11.031110 0.017569 0.997179 0.072980 -6.199526 0.995258 -0.010457 -0.096709 300.097000
306.000000 -0.162228 0.080611 -0.983455 -11.487940 0.020463 0.996718 0.078323 -6.178297 0.986541 -0.007418 -0.163345 299.994100
307.000000 -0.227627 0.086613 -0.969889 -11.943180 0.025140 0.996227 0.083065 -6.150180 0.973424 -0.005475 -0.228945 299.798200
308.000000 -0.291601 0.091147 -0.952187 -12.402890 0.030227 0.995831 0.086068 -6.123531 0.956062 -0.003684 -0.293140 299.632800
309.000000 -0.353129 0.093636 -0.930877 -12.859800 0.034851 0.995605 0.086927 -6.094784 0.934925 -0.001745 -0.354840 299.433800
310.000000 -0.412246 0.094495 -0.906159 -13.310900 0.039332 0.995525 0.085920 -6.063773 0.910223 -0.000221 -0.414118 299.142900
311.000000 -0.467758 0.094545 -0.878785 -13.763400 0.042794 0.995519 0.084326 -6.028358 0.882820 0.001837 -0.469708 298.874200
312.000000 -0.519594 0.094664 -0.849153 -14.212510 0.045941 0.995501 0.082868 -5.989762 0.853177 0.004047 -0.521606 298.521900
313.000000 -0.566104 0.094801 -0.818864 -14.663110 0.048528 0.995475 0.081699 -5.950116 0.822904 0.006512 -0.568143 298.181100
314.000000 -0.607122 0.095612 -0.788836 -15.116160 0.050497 0.995370 0.081781 -5.913525 0.793003 0.009817 -0.609139 297.801600
315.000000 -0.644411 0.098910 -0.758255 -15.569170 0.055338 0.995031 0.082766 -5.871992 0.762674 0.011375 -0.646683 297.360100
316.000000 -0.680915 0.105633 -0.724704 -16.024260 0.064362 0.994346 0.084463 -5.830931 0.729529 0.010869 -0.683864 296.917900
317.000000 -0.716412 0.111421 -0.688723 -16.470640 0.071742 0.993697 0.086133 -5.783464 0.693979 0.012297 -0.719890 296.401300
318.000000 -0.749283 0.113476 -0.652455 -16.903920 0.075932 0.993434 0.085579 -5.737737 0.657882 0.014580 -0.752980 295.876600
