0.000000 1.000000 0.000000 0.000000 0.000000 0.000000 1.000000 0.000000 0.000000 0.000000 0.000000 1.000000 0.000000
1.000000 0.999999 0.000875 0.001125 0.012073 -0.000873 0.999999 -0.001153 -0.005720 -0.001126 0.001152 0.999999 1.199337
2.000000 0.999999 -0.000555 0.000870 0.050493 0.000555 1.000000 0.000061 -0.032293 -0.000870 -0.000061 1.000000 2.384008
3.000000 1.000000 0.000490 0.000425 0.093496 -0.000490 0.999999 0.000928 -0.039809 -0.000425 -0.000929 0.999999 3.575066
4.000000 0.999999 0.001043 0.000211 0.099806 -0.001043 0.999999 0.001051 -0.057813 -0.000210 -0.001051 0.999999 4.766987
5.000000 0.999999 0.001109 0.001058 0.076176 -0.001111 0.999998 0.001893 -0.093416 -0.001056 -0.001894 0.999998 5.961628
6.000000 0.999989 0.001154 0.004568 0.045526 -0.001154 0.999999 0.000061 -0.106457 -0.004568 -0.000066 0.999990 7.152058
7.000000 0.999999 -0.000387 0.001303 0.087185 0.000387 1.000000 -0.000633 -0.114955 -0.001303 0.000633 0.999999 8.344343
8.000000 0.999996 -0.002971 -0.000303 0.115179 0.002971 0.999995 0.001064 -0.149744 0.000300 -0.001065 0.999999 9.535280
9.000000 0.999985 -0.005434 -0.000314 0.066075 0.005435 0.999982 0.002478 -0.196575 0.000300 -0.002479 0.999997 10.725315
10.000000 0.999970 -0.007672 -0.000538 0.049889 0.007672 0.999970 0.001378 -0.208306 0.000527 -0.001382 0.999999 11.917069
11.000000 0.999957 -0.008580 -0.003567 0.076309 0.008583 0.999963 0.000776 -0.228095 0.003560 -0.000807 0.999993 13.109103
12.000000 0.999956 -0.009042 -0.002337 0.046293 0.009044 0.999959 0.000806 -0.255084 0.002330 -0.000827 0.999997 14.300395
13.000000 0.999971 -0.006494 -0.004000 0.017514 0.006500 0.999978 0.001435 -0.297318 0.003991 -0.001461 0.999991 15.492857
14.000000 0.999970 -0.006733 -0.003957 0.013469 0.006741 0.999975 0.002107 -0.324163 0.003942 -0.002133 0.999990 16.683918
15.000000 0.999971 -0.006206 -0.004407 -0.011692 0.006217 0.999977 0.002569 -0.330693 0.004391 -0.002596 0.999987 17.877465
16.000000 0.999968 -0.005997 -0.005213 0.034449 0.005999 0.999982 0.000445 -0.319680 0.005210 -0.000476 0.999986 19.072476
17.000000 0.999977 -0.004862 -0.004713 0.007867 0.004861 0.999988 -0.000169 -0.344849 0.004714 0.000146 0.999989 20.265865
18.000000 0.999978 -0.005278 -0.003915 -0.048872 0.005269 0.999983 -0.002314 -0.332723 0.003927 0.002293 0.999990 21.459339
19.000000 0.999985 -0.001714 -0.005240 -0.032966 0.001703 0.999996 -0.002241 -0.336684 0.005244 0.002232 0.999984 22.653810
20.000000 0.999985 -0.001735 -0.005253 -0.080196 0.001724 0.999996 -0.002234 -0.345802 0.005257 0.002225 0.999984 23.847435
21.000000 0.999985 0.000006 -0.005452 -0.094748 -0.000020 0.999997 -0.002446 -0.375641 0.005452 0.002446 0.999982 25.041335
22.000000 0.999967 -0.001178 -0.007995 -0.101259 0.001164 0.999998 -0.001742 -0.390891 0.007997 0.001733 0.999967 26.237929
23.000000 0.999950 -0.003682 -0.009261 -0.110304 0.003684 0.999993 0.000207 -0.417090 0.009260 -0.000241 0.999957 27.436635
24.000000 0.999952 -0.004109 -0.008881 -0.172686 0.004111 0.999992 0.000186 -0.456413 0.008881 -0.000222 0.999961 28.630209
25.000000 0.999901 -0.005616 -0.012894 -0.112980 0.005620 0.999984 0.000290 -0.473499 0.012893 -0.000363 0.999917 29.820243
26.000000 0.999857 -0.007723 -0.015026 -0.170084 0.007734 0.999970 0.000671 -0.525575 0.015021 -0.000787 0.999887 31.017883
27.000000 0.999880 -0.006779 -0.013895 -0.203121 0.006790 0.999977 0.000753 -0.537871 0.013890 -0.000847 0.999903 32.221906
28.000000 0.999870 -0.007688 -0.014165 -0.233517 0.007712 0.999969 0.001641 -0.551933 0.014152 -0.001750 0.999898 33.410306
29.000000 0.999900 -0.007973 -0.011659 -0.327460 0.007994 0.999966 0.001789 -0.590574 0.011644 -0.001882 0.999930 34.601140
30.000000 0.999876 -0.008774 -0.013058 -0.321702 0.008801 0.999959 0.001955 -0.620239 0.013040 -0.002070 0.999913 35.799079
31.000000 0.999854 -0.008360 -0.014877 -0.266573 0.008355 0.999965 -0.000386 -0.570192 0.014880 0.000262 0.999889 36.994100
32.000000 0.999809 -0.007671 -0.017958 -0.182731 0.007688 0.999970 0.000865 -0.586504 0.017951 -0.001003 0.999838 38.189275
33.000000 0.999730 -0.008013 -0.021819 -0.129902 0.008104 0.999959 0.004061 -0.662181 0.021786 -0.004237 0.999754 39.384924
34.000000 0.999815 -0.004902 -0.018601 -0.237486 0.004951 0.999984 0.002594 -0.604863 0.018588 -0.002685 0.999824 40.576274
35.000000 0.999857 -0.002372 -0.016724 -0.308775 0.002412 0.999994 0.002354 -0.629023 0.016718 -0.002394 0.999857 41.770801
36.000000 0.999843 -0.001926 -0.017591 -0.318385 0.001950 0.999997 0.001353 -0.623615 0.017588 -0.001387 0.999844 42.968563
37.000000 0.999849 0.002158 -0.017267 -0.302477 -0.002147 0.999997 0.000649 -0.591604 0.017268 -0.000612 0.999851 44.168392
38.000000 0.999874 0.002223 -0.015696 -0.344221 -0.002179 0.999994 0.002846 -0.585947 0.015702 -0.002812 0.999873 45.368142
39.000000 0.999894 0.004115 -0.013938 -0.380204 -0.004034 0.999975 0.005870 -0.605531 0.013961 -0.005813 0.999886 46.568333
40.000000 0.999884 0.005166 -0.014298 -0.376724 -0.005046 0.999952 0.008457 -0.607688 0.014341 -0.008384 0.999862 47.773989
41.000000 0.999853 0.004632 -0.016532 -0.334320 -0.004477 0.999946 0.009387 -0.605206 0.016575 -0.009312 0.999819 48.976534
42.000000 0.999852 0.000102 -0.017210 -0.329540 0.000037 0.999967 0.008069 -0.625002 0.017211 -0.008068 0.999819 50.175461
43.000000 0.999860 -0.000551 -0.016737 -0.343804 0.000658 0.999979 0.006403 -0.648419 0.016733 -0.006413 0.999839 51.376432
44.000000 0.999842 0.001345 -0.017719 -0.318132 -0.001253 0.999986 0.005208 -0.648108 0.017726 -0.005185 0.999829 52.577641
45.000000 0.999808 0.000178 -0.019583 -0.297806 -0.000096 0.999991 0.004173 -0.646566 0.019583 -0.004170 0.999800 53.783079
46.000000 0.999840 0.000072 -0.017911 -0.356450 -0.000030 0.999997 0.002307 -0.649789 0.017911 -0.002306 0.999837 54.985820
47.000000 0.999780 0.002141 -0.020862 -0.374726 -0.002116 0.999997 0.001222 -0.634489 0.020865 -0.001178 0.999782 56.190900
48.000000 0.999783 0.001773 -0.020744 -0.436502 -0.001706 0.999993 0.003234 -0.678190 0.020749 -0.003198 0.999780 57.396344
49.000000 0.999822 0.002508 -0.018717 -0.485042 -0.002465 0.999994 0.002352 -0.679907 0.018723 -0.002306 0.999822 58.600526
50.000000 0.999853 0.003445 -0.016775 -0.544361 -0.003393 0.999989 0.003136 -0.706579 0.016785 -0.003078 0.999854 59.805074
51.000000 0.999842 0.004020 -0.017321 -0.565166 -0.003978 0.999989 0.002436 -0.696945 0.017331 -0.002367 0.999847 61.008739
52.000000 0.999890 0.003147 -0.014519 -0.638608 -0.003109 0.999992 0.002631 -0.739533 0.014527 -0.002586 0.999891 62.209632
53.000000 0.999870 0.002782 -0.015894 -0.684414 -0.002747 0.999994 0.002172 -0.762300 0.015900 -0.002128 0.999871 63.410706
54.000000 0.999905 0.002005 -0.013655 -0.812254 -0.001940 0.999987 0.004767 -0.806312 0.013665 -0.004740 0.999895 64.603485
55.000000 0.999852 0.003343 -0.016896 -0.791255 -0.003234 0.999974 0.006461 -0.808684 0.016918 -0.006406 0.999836 65.806502
56.000000 0.999870 0.005829 -0.015057 -0.873943 -0.005760 0.999973 0.004644 -0.814100 0.015084 -0.004557 0.999876 67.001214
57.000000 0.999842 0.005726 -0.016810 -0.890759 -0.005667 0.999978 0.003560 -0.850539 0.016830 -0.003464 0.999852 68.194399
58.000000 0.999796 0.008630 -0.018240 -0.889609 -0.008564 0.999957 0.003669 -0.861828 0.018271 -0.003512 0.999827 69.389003
59.000000 0.999761 0.012620 -0.017858 -0.919600 -0.012585 0.999919 0.002024 -0.854112 0.017882 -0.001799 0.999838 70.579926
60.000000 0.999712 0.014901 -0.018788 -0.932619 -0.014864 0.999887 0.002114 -0.865147 0.018818 -0.001835 0.999821 71.770063
61.000000 0.999655 0.014473 -0.021913 -0.915882 -0.014392 0.999889 0.003813 -0.897869 0.021966 -0.003496 0.999753 72.956066
62.000000 0.999658 0.016617 -0.020180 -0.948601 -0.016542 0.999856 0.003916 -0.896949 0.020242 -0.003581 0.999789 74.141268
63.000000 0.999732 0.015187 -0.017475 -0.967238 -0.015162 0.999884 0.001533 -0.901690 0.017496 -0.001268 0.999846 75.319437
64.000000 0.999845 0.010965 -0.013777 -1.014711 -0.011004 0.999936 -0.002728 -0.926826 0.013747 0.002879 0.999901 76.493629
65.000000 0.999842 0.011624 -0.013479 -1.008172 -0.011672 0.999926 -0.003501 -0.946457 0.013437 0.003658 0.999903 77.669170
66.000000 0.999879 0.010540 -0.011462 -1.024560 -0.010553 0.999944 -0.001012 -0.960408 0.011451 0.001133 0.999934 78.847494
67.000000 0.999915 0.009864 -0.008487 -1.044967 -0.009853 0.999951 0.001308 -0.992502 0.008500 -0.001224 0.999963 80.020878
68.000000 0.999932 0.011397 -0.002627 -1.101521 -0.011399 0.999935 -0.000783 -1.012672 0.002618 0.000813 0.999996 81.185570
69.000000 0.999943 0.010540 0.001406 -1.133153 -0.010533 0.999934 -0.004613 -1.038467 -0.001455 0.004598 0.999988 82.349640
70.000000 0.999964 0.006373 0.005534 -1.127484 -0.006331 0.999950 -0.007689 -1.068515 -0.005583 0.007654 0.999955 83.508429
71.000000 0.999899 0.007239 0.012194 -1.155406 -0.007128 0.999933 -0.009168 -1.097917 -0.012260 0.009080 0.999884 84.667525
72.000000 0.999866 0.006069 0.015183 -1.117769 -0.005958 0.999955 -0.007361 -1.138203 -0.015227 0.007270 0.999858 85.826109
73.000000 0.999766 0.007144 0.020442 -1.133665 -0.006995 0.999949 -0.007339 -1.159281 -0.020493 0.007195 0.999764 86.980417
74.000000 0.999659 0.008250 0.024793 -1.084633 -0.007961 0.999899 -0.011746 -1.149976 -0.024888 0.011544 0.999624 88.132604
75.000000 0.999582 0.006770 0.028101 -1.055426 -0.006389 0.999887 -0.013606 -1.192847 -0.028190 0.013421 0.999512 89.281650
76.000000 0.999459 0.006894 0.032147 -1.019550 -0.006443 0.999880 -0.014113 -1.220493 -0.032241 0.013898 0.999383 90.431655
77.000000 0.999315 0.006379 0.036463 -1.018670 -0.005923 0.999903 -0.012594 -1.260852 -0.036540 0.012369 0.999256 91.585027
78.000000 0.999258 0.007444 0.037790 -0.993899 -0.006980 0.999899 -0.012398 -1.280034 -0.037878 0.012125 0.999209 92.740404
79.000000 0.999129 0.005976 0.041288 -0.972080 -0.005557 0.999932 -0.010247 -1.324990 -0.041346 0.010009 0.999095 93.896330
80.000000 0.998950 0.005138 0.045533 -0.935069 -0.004714 0.999945 -0.009420 -1.350637 -0.045579 0.009195 0.998918 95.052278
81.000000 0.998922 0.004472 0.046212 -0.885047 -0.003984 0.999935 -0.010658 -1.384794 -0.046257 0.010463 0.998875 96.204886
82.000000 0.998676 0.002575 0.051378 -0.859676 -0.001878 0.999906 -0.013602 -1.414561 -0.051408 0.013488 0.998587 97.363668
83.000000 0.998697 0.002834 0.050948 -0.784963 -0.002040 0.999876 -0.015632 -1.461250 -0.050985 0.015507 0.998579 98.521063
84.000000 0.998614 0.002067 0.052591 -0.755958 -0.001244 0.999876 -0.015667 -1.511910 -0.052617 0.015580 0.998493 99.688930
85.000000 0.998666 0.002686 0.051562 -0.672550 -0.001930 0.999890 -0.014705 -1.553799 -0.051596 0.014585 0.998562 100.861511
86.000000 0.998614 0.003073 0.052550 -0.680669 -0.002429 0.999921 -0.012308 -1.606449 -0.052583 0.012163 0.998542 102.042721
87.000000 0.998761 0.002438 0.049710 -0.580623 -0.001867 0.999932 -0.011522 -1.609835 -0.049734 0.011415 0.998697 103.224380
88.000000 0.998843 0.003906 0.047922 -0.539795 -0.003395 0.999937 -0.010733 -1.620290 -0.047961 0.010558 0.998793 104.416576
89.000000 0.998830 0.005015 0.048090 -0.522762 -0.004493 0.999930 -0.010965 -1.638906 -0.048141 0.010736 0.998783 105.615708
90.000000 0.998907 0.006754 0.046245 -0.484259 -0.006232 0.999915 -0.011419 -1.660736 -0.046318 0.011118 0.998865 106.815550
91.000000 0.999172 0.007064 0.040078 -0.423648 -0.006611 0.999913 -0.011427 -1.702892 -0.040155 0.011153 0.999131 108.019091
92.000000 0.999257 0.007149 0.037871 -0.457241 -0.006761 0.999923 -0.010369 -1.747377 -0.037942 0.010105 0.999229 109.225518
93.000000 0.999445 0.007053 0.032557 -0.397469 -0.006782 0.999942 -0.008405 -1.787397 -0.032614 0.008179 0.999435 110.437287
94.000000 0.999558 0.007160 0.028871 -0.412580 -0.006932 0.999944 -0.008005 -1.821340 -0.028926 0.007801 0.999551 111.653144
95.000000 0.999684 0.007808 0.023892 -0.367218 -0.007618 0.999939 -0.008040 -1.847863 -0.023953 0.007855 0.999682 112.869001
96.000000 0.999799 0.008510 0.018138 -0.362707 -0.008357 0.999929 -0.008508 -1.863018 -0.018209 0.008355 0.999799 114.088138
97.000000 0.999824 0.011157 0.015092 -0.409408 -0.011002 0.999886 -0.010332 -1.861496 -0.015205 0.010164 0.999833 115.307917
98.000000 0.999874 0.011448 0.010978 -0.390724 -0.011312 0.999860 -0.012355 -1.856213 -0.011118 0.012230 0.999863 116.531331
99.000000 0.999912 0.011668 0.006236 -0.377491 -0.011583 0.999841 -0.013564 -1.884868 -0.006393 0.013490 0.999889 117.756911
100.000000 0.999909 0.013066 0.003393 -0.407441 -0.013023 0.999839 -0.012336 -1.942771 -0.003554 0.012291 0.999918 118.983867
101.000000 0.999868 0.016150 0.001844 -0.414964 -0.016125 0.999787 -0.012867 -1.972200 -0.002052 0.012836 0.999916 120.215396
102.000000 0.999836 0.018038 -0.001319 -0.381907 -0.018053 0.999754 -0.012890 -2.008159 0.001086 0.012912 0.999916 121.444713
103.000000 0.999763 0.021693 -0.001790 -0.410530 -0.021715 0.999677 -0.013175 -2.036975 0.001504 0.013211 0.999912 122.685519
104.000000 0.999758 0.021949 -0.001682 -0.424320 -0.021967 0.999692 -0.011531 -2.074534 0.001428 0.011565 0.999932 123.925743
105.000000 0.999750 0.022344 -0.000294 -0.458477 -0.022346 0.999697 -0.010352 -2.145089 0.000063 0.010356 0.999946 125.164842
106.000000 0.999631 0.026955 -0.003231 -0.442988 -0.026979 0.999606 -0.007698 -2.189034 0.003022 0.007783 0.999965 126.410435
107.000000 0.999629 0.027147 -0.002131 -0.488093 -0.027157 0.999619 -0.004834 -2.226400 0.001999 0.004890 0.999986 127.659399
108.000000 0.999666 0.025626 -0.003259 -0.451666 -0.025647 0.999650 -0.006558 -2.234298 0.003089 0.006639 0.999973 128.908790
109.000000 0.999686 0.024712 -0.004183 -0.472922 -0.024743 0.999664 -0.007667 -2.273644 0.003992 0.007768 0.999962 130.158422
110.000000 0.999739 0.021993 -0.006228 -0.471433 -0.022035 0.999735 -0.006717 -2.289250 0.006078 0.006852 0.999958 131.414033
111.000000 0.999779 0.020414 -0.005060 -0.526536 -0.020437 0.999781 -0.004448 -2.312224 0.004969 0.004550 0.999977 132.670723
112.000000 0.999826 0.017533 -0.006353 -0.504338 -0.017546 0.999844 -0.001974 -2.347341 0.006318 0.002086 0.999978 133.932646
113.000000 0.999858 0.015159 -0.007293 -0.504661 -0.015171 0.999884 -0.001559 -2.366126 0.007269 0.001669 0.999972 135.196102
114.000000 0.999933 0.011256 -0.002607 -0.585781 -0.011266 0.999929 -0.003817 -2.393535 0.002564 0.003846 0.999989 136.456651
115.000000 0.999962 0.007845 -0.003716 -0.579153 -0.007865 0.999954 -0.005549 -2.412590 0.003673 0.005578 0.999978 137.723560
116.000000 0.999973 0.007202 -0.001152 -0.599380 -0.007208 0.999958 -0.005684 -2.429586 0.001111 0.005692 0.999983 138.990790
117.000000 0.999972 0.007004 -0.002477 -0.599073 -0.007018 0.999958 -0.005827 -2.455770 0.002436 0.005844 0.999980 140.264586
118.000000 0.999969 0.007524 -0.002525 -0.593980 -0.007534 0.999963 -0.004046 -2.478184 0.002495 0.004064 0.999989 141.540034
119.000000 0.999957 0.009292 -0.000118 -0.633486 -0.009293 0.999953 -0.002691 -2.513744 0.000093 0.002692 0.999996 142.813409
120.000000 0.999945 0.010401 0.000951 -0.645667 -0.010396 0.999932 -0.005195 -2.520811 -0.001005 0.005184 0.999986 144.086359
121.000000 0.999941 0.010800 0.001179 -0.684105 -0.010792 0.999918 -0.006907 -2.559600 -0.001253 0.006894 0.999975 145.356511
122.000000 0.999932 0.011594 0.001352 -0.669079 -0.011581 0.999894 -0.008822 -2.604035 -0.001454 0.008806 0.999960 146.625824
123.000000 0.999957 0.009251 -0.000243 -0.675464 -0.009253 0.999876 -0.012744 -2.639904 0.000125 0.012746 0.999919 147.892720
124.000000 0.999955 0.009362 -0.001187 -0.664258 -0.009381 0.999808 -0.017221 -2.668985 0.001025 0.017232 0.999851 149.158609
125.000000 0.999959 0.009029 -0.000195 -0.719670 -0.009031 0.999791 -0.018366 -2.722698 0.000029 0.018367 0.999831 150.422124
126.000000 0.999957 0.009228 0.001208 -0.744990 -0.009205 0.999791 -0.018261 -2.766187 -0.001377 0.018249 0.999833 151.685458
127.000000 0.999945 0.010302 0.002021 -0.783763 -0.010266 0.999798 -0.017260 -2.808916 -0.002199 0.017238 0.999849 152.953247
128.000000 0.999948 0.010130 0.000982 -0.778681 -0.010113 0.999812 -0.016521 -2.837530 -0.001149 0.016510 0.999863 154.216892
129.000000 0.999944 0.010155 0.003004 -0.809670 -0.010103 0.999809 -0.016746 -2.875879 -0.003173 0.016715 0.999855 155.481381
130.000000 0.999952 0.009633 0.001712 -0.795677 -0.009601 0.999794 -0.017866 -2.906035 -0.001884 0.017849 0.999839 156.744962
131.000000 0.999974 0.007259 0.000438 -0.783349 -0.007250 0.999828 -0.017044 -2.954319 -0.000561 0.017040 0.999855 158.005304
132.000000 0.999981 0.006162 0.000576 -0.810237 -0.006153 0.999864 -0.015308 -2.996689 -0.000671 0.015304 0.999883 159.269138
133.000000 0.999971 0.007500 -0.001265 -0.783787 -0.007518 0.999850 -0.015624 -3.016252 0.001147 0.015633 0.999877 160.530684
134.000000 0.999967 0.007941 0.001884 -0.829409 -0.007908 0.999821 -0.017177 -3.049252 -0.002020 0.017162 0.999851 161.790301
135.000000 0.999952 0.009647 0.001771 -0.823503 -0.009613 0.999786 -0.018306 -3.091086 -0.001947 0.018288 0.999831 163.052177
136.000000 0.999950 0.009929 0.001486 -0.826038 -0.009900 0.999786 -0.018153 -3.135308 -0.001666 0.018137 0.999834 164.316056
137.000000 0.999943 0.010579 0.001190 -0.835697 -0.010554 0.999758 -0.019298 -3.157555 -0.001394 0.019284 0.999813 165.577999
138.000000 0.999935 0.011344 -0.001398 -0.776746 -0.011371 0.999715 -0.020968 -3.194790 0.001159 0.020983 0.999779 166.839069
139.000000 0.999936 0.011174 -0.001709 -0.789453 -0.011206 0.999731 -0.020307 -3.254430 0.001482 0.020325 0.999792 168.100397
140.000000 0.999923 0.011034 -0.005660 -0.753035 -0.011141 0.999754 -0.019173 -3.299957 0.005447 0.019235 0.999800 169.364604
141.000000 0.999908 0.011001 -0.007984 -0.752356 -0.011150 0.999760 -0.018863 -3.349468 0.007775 0.018950 0.999790 170.627582
142.000000 0.999908 0.011936 -0.006411 -0.792973 -0.012046 0.999776 -0.017390 -3.404465 0.006202 0.017466 0.999828 171.892372
143.000000 0.999904 0.012225 -0.006536 -0.775983 -0.012335 0.999780 -0.016943 -3.440218 0.006327 0.017022 0.999835 173.155998
144.000000 0.999886 0.012982 -0.007702 -0.765438 -0.013104 0.999786 -0.016004 -3.503139 0.007493 0.016103 0.999842 174.419072
145.000000 0.999875 0.015193 -0.004351 -0.891953 -0.015271 0.999714 -0.018401 -3.504990 0.004070 0.018466 0.999821 175.674096
146.000000 0.999862 0.015662 -0.005505 -0.857986 -0.015758 0.999715 -0.017918 -3.552114 0.005222 0.018003 0.999824 176.940863
147.000000 0.999853 0.016183 -0.005742 -0.870014 -0.016293 0.999675 -0.019587 -3.601802 0.005423 0.019677 0.999792 178.203257
148.000000 0.999889 0.014109 -0.004820 -0.914979 -0.014206 0.999683 -0.020809 -3.655763 0.004525 0.020875 0.999772 179.462083
149.000000 0.999903 0.012417 -0.006261 -0.850803 -0.012551 0.999686 -0.021711 -3.685239 0.005990 0.021787 0.999745 180.722268
150.000000 0.999874 0.013848 -0.007818 -0.856477 -0.013998 0.999712 -0.019500 -3.722370 0.007546 0.019607 0.999779 181.983869
151.000000 0.999857 0.012706 -0.011186 -0.843293 -0.012882 0.999792 -0.015828 -3.774020 0.010982 0.015970 0.999812 183.247873
152.000000 0.999853 0.013251 -0.010862 -0.872483 -0.013421 0.999785 -0.015786 -3.823430 0.010651 0.015930 0.999816 184.503869
153.000000 0.999794 0.016586 -0.011738 -0.872112 -0.016820 0.999656 -0.020101 -3.850563 0.011401 0.020294 0.999729 185.753927
154.000000 0.999760 0.017437 -0.013247 -0.919764 -0.017721 0.999609 -0.021649 -3.900037 0.012865 0.021879 0.999678 187.001935
155.000000 0.999748 0.015647 -0.016096 -0.913870 -0.015978 0.999659 -0.020640 -3.957572 0.015767 0.020892 0.999657 188.247792
156.000000 0.999787 0.013221 -0.015842 -0.920447 -0.013515 0.999735 -0.018612 -4.018669 0.015592 0.018822 0.999701 189.493765
157.000000 0.999733 0.014946 -0.017641 -0.888950 -0.015248 0.999736 -0.017162 -4.049609 0.017380 0.017426 0.999697 190.738864
158.000000 0.999721 0.017009 -0.016415 -0.923020 -0.017281 0.999713 -0.016576 -4.086266 0.016129 0.016855 0.999728 191.977380
159.000000 0.999760 0.015919 -0.015051 -0.948291 -0.016184 0.999713 -0.017672 -4.138954 0.014765 0.017911 0.999731 193.210401
160.000000 0.999808 0.013860 -0.013880 -0.979418 -0.014130 0.999710 -0.019485 -4.170855 0.013606 0.019677 0.999714 194.441026
161.000000 0.999804 0.013823 -0.014155 -0.957103 -0.014140 0.999646 -0.022538 -4.193895 0.013838 0.022734 0.999646 195.667798
162.000000 0.999801 0.014579 -0.013630 -0.924841 -0.014906 0.999596 -0.024182 -4.220106 0.013272 0.024380 0.999615 196.888263
163.000000 0.999798 0.015300 -0.013015 -0.961222 -0.015611 0.999585 -0.024204 -4.272544 0.012639 0.024403 0.999622 198.104252
164.000000 0.999835 0.013976 -0.011605 -0.979100 -0.014224 0.999667 -0.021520 -4.336087 0.011300 0.021682 0.999701 199.315754
165.000000 0.999825 0.013839 -0.012578 -0.981538 -0.014098 0.999685 -0.020741 -4.385580 0.012287 0.020915 0.999706 200.522922
166.000000 0.999801 0.015185 -0.012948 -0.930481 -0.015456 0.999659 -0.021052 -4.416061 0.012624 0.021248 0.999695 201.723374
167.000000 0.999773 0.017332 -0.012391 -0.938733 -0.017577 0.999647 -0.019922 -4.472452 0.012042 0.020135 0.999725 202.917211
168.000000 0.999784 0.017579 -0.011068 -0.990355 -0.017792 0.999654 -0.019395 -4.539568 0.010723 0.019587 0.999751 204.102402
169.000000 0.999752 0.017833 -0.013320 -0.932263 -0.018077 0.999667 -0.018393 -4.594809 0.012987 0.018629 0.999742 205.278820
170.000000 0.999766 0.015987 -0.014544 -0.912578 -0.016240 0.999716 -0.017442 -4.648098 0.014261 0.017674 0.999742 206.448195
171.000000 0.999813 0.013283 -0.014084 -0.945809 -0.013524 0.999761 -0.017157 -4.710959 0.013853 0.017345 0.999754 207.603251
172.000000 0.999800 0.012869 -0.015290 -0.996617 -0.013116 0.999783 -0.016167 -4.757036 0.015078 0.016365 0.999752 208.744326
173.000000 0.999805 0.014094 -0.013850 -1.042713 -0.014305 0.999781 -0.015306 -4.802613 0.013631 0.015501 0.999787 209.872408
174.000000 0.999801 0.014503 -0.013668 -1.100016 -0.014701 0.999787 -0.014504 -4.872160 0.013454 0.014703 0.999801 210.980975
175.000000 0.999793 0.015116 -0.013608 -1.108884 -0.015336 0.999751 -0.016239 -4.902546 0.013359 0.016444 0.999776 212.077867
176.000000 0.999754 0.016410 -0.014915 -1.123695 -0.016666 0.999712 -0.017253 -4.942294 0.014628 0.017497 0.999740 213.161595
177.000000 0.999739 0.015178 -0.017083 -1.119485 -0.015469 0.999735 -0.017052 -4.981008 0.016820 0.017312 0.999709 214.231654
178.000000 0.999756 0.015195 -0.016050 -1.147024 -0.015492 0.999707 -0.018573 -4.997410 0.015763 0.018817 0.999699 215.290849
179.000000 0.999775 0.014350 -0.015605 -1.216233 -0.014635 0.999725 -0.018300 -5.040516 0.015339 0.018525 0.999711 216.331643
180.000000 0.999728 0.013583 -0.018955 -1.237656 -0.013885 0.999777 -0.015933 -5.085938 0.018734 0.016192 0.999693 217.367988
181.000000 0.999707 0.012356 -0.020827 -1.272136 -0.012674 0.999804 -0.015212 -5.109166 0.020635 0.015472 0.999667 218.389836
182.000000 0.999678 0.011834 -0.022437 -1.313032 -0.012141 0.999834 -0.013609 -5.165837 0.022272 0.013877 0.999656 219.391548
183.000000 0.999586 0.011149 -0.026532 -1.315102 -0.011497 0.999850 -0.012985 -5.217062 0.026383 0.013284 0.999564 220.374277
184.000000 0.999518 0.011025 -0.029013 -1.371315 -0.011422 0.999843 -0.013533 -5.237891 0.028860 0.013858 0.999487 221.339116
185.000000 0.999454 0.011826 -0.030838 -1.432385 -0.012194 0.999856 -0.011794 -5.294757 0.030694 0.012164 0.999455 222.277433
186.000000 0.999352 0.011358 -0.034144 -1.452854 -0.011766 0.999861 -0.011782 -5.327619 0.034006 0.012176 0.999347 223.197513
187.000000 0.999324 0.011250 -0.035003 -1.581762 -0.011707 0.999849 -0.012869 -5.356339 0.034853 0.013270 0.999304 224.084880
188.000000 0.999196 0.010117 -0.038787 -1.614908 -0.010603 0.999868 -0.012327 -5.402668 0.038657 0.012728 0.999171 224.957835
189.000000 0.999155 0.011553 -0.039439 -1.714735 -0.012039 0.999854 -0.012121 -5.440915 0.039293 0.012585 0.999148 225.805127
190.000000 0.999031 0.010458 -0.042741 -1.738980 -0.010993 0.999864 -0.012300 -5.486823 0.042606 0.012758 0.999010 226.634187
191.000000 0.998944 0.013972 -0.043758 -1.792552 -0.014574 0.999803 -0.013458 -5.505925 0.043561 0.014082 0.998952 227.446093
192.000000 0.998859 0.015432 -0.045204 -1.811974 -0.016033 0.999788 -0.012949 -5.532334 0.044995 0.013659 0.998894 228.240027
193.000000 0.998957 0.014824 -0.043194 -1.868497 -0.015304 0.999824 -0.010809 -5.576390 0.043027 0.011458 0.999008 229.014744
194.000000 0.998942 0.014289 -0.043703 -1.919401 -0.014691 0.999853 -0.008895 -5.612622 0.043569 0.009528 0.999005 229.770725
195.000000 0.998981 0.013290 -0.043128 -1.955499 -0.013723 0.999858 -0.009756 -5.633938 0.042992 0.010338 0.999022 230.511555
196.000000 0.998988 0.013078 -0.043033 -1.987246 -0.013607 0.999835 -0.012014 -5.657966 0.042869 0.012588 0.999001 231.241876
197.000000 0.999029 0.012657 -0.042194 -2.028600 -0.013312 0.999795 -0.015275 -5.676610 0.041992 0.015822 0.998993 231.968704
198.000000 0.999086 0.011446 -0.041184 -2.064255 -0.012168 0.999776 -0.017341 -5.702941 0.040976 0.017827 0.999001 232.690874
199.000000 0.999062 0.013416 -0.041162 -2.081700 -0.014161 0.999740 -0.017869 -5.724908 0.040911 0.018435 0.998993 233.412841
200.000000 0.999116 0.012026 -0.040292 -2.097328 -0.012748 0.999762 -0.017697 -5.751598 0.040070 0.018195 0.999031 234.130464
201.000000 0.999180 0.010594 -0.039069 -2.115192 -0.011268 0.999791 -0.017063 -5.782667 0.038880 0.017489 0.999091 234.844107
202.000000 0.999253 0.011799 -0.036796 -2.150890 -0.012458 0.999765 -0.017749 -5.794360 0.036578 0.018194 0.999165 235.554360
203.000000 0.999294 0.010960 -0.035946 -2.139502 -0.011656 0.999748 -0.019197 -5.800831 0.035726 0.019603 0.999169 236.261193
204.000000 0.999338 0.011642 -0.034470 -2.125867 -0.012284 0.999754 -0.018473 -5.818581 0.034247 0.018884 0.999235 236.964420
205.000000 0.999511 0.010528 -0.029440 -2.202905 -0.011033 0.999794 -0.017042 -5.876596 0.029255 0.017358 0.999421 237.657917
206.000000 0.999624 0.009215 -0.025821 -2.227971 -0.009662 0.999805 -0.017221 -5.907836 0.025658 0.017464 0.999518 238.353326
207.000000 0.999706 0.009837 -0.022145 -2.206043 -0.010220 0.999799 -0.017244 -5.927525 0.021971 0.017465 0.999606 239.045339
208.000000 0.999881 0.009278 -0.012342 -2.325622 -0.009492 0.999804 -0.017370 -5.959753 0.012178 0.017485 0.999773 239.722319
209.000000 0.999921 0.009305 -0.008472 -2.363575 -0.009455 0.999798 -0.017746 -5.982102 0.008305 0.017825 0.999807 240.408648
210.000000 0.999944 0.009660 -0.004329 -2.413266 -0.009738 0.999785 -0.018321 -6.009664 0.004151 0.018362 0.999823 241.095142
211.000000 0.999942 0.010759 -0.000019 -2.398919 -0.010758 0.999747 -0.019744 -6.024311 -0.000193 0.019743 0.999805 241.788486
212.000000 0.999936 0.011139 0.002195 -2.411289 -0.011094 0.999750 -0.019420 -6.041317 -0.002411 0.019395 0.999809 242.484573
213.000000 0.999945 0.009705 0.004080 -2.410336 -0.009631 0.999795 -0.017830 -6.084725 -0.004252 0.017789 0.999833 243.185833
214.000000 0.999926 0.009711 0.007299 -2.423868 -0.009568 0.999767 -0.019347 -6.104253 -0.007485 0.019276 0.999786 243.888719
215.000000 0.999908 0.010050 0.009075 -2.418433 -0.009857 0.999729 -0.021073 -6.136345 -0.009285 0.020981 0.999737 244.592550
216.000000 0.999872 0.011252 0.011414 -2.422785 -0.010992 0.999684 -0.022589 -6.167696 -0.011665 0.022460 0.999680 245.300091
217.000000 0.999850 0.010661 0.013640 -2.409760 -0.010325 0.999647 -0.024488 -6.187316 -0.013896 0.024343 0.999607 246.014646
218.000000 0.999824 0.011269 0.014974 -2.393006 -0.010883 0.999612 -0.025621 -6.214808 -0.015257 0.025453 0.999560 246.735933
219.000000 0.999830 0.010202 0.015381 -2.384957 -0.009785 0.999589 -0.026958 -6.240860 -0.015649 0.026802 0.999518 247.463474
220.000000 0.999826 0.010100 0.015701 -2.383584 -0.009681 0.999601 -0.026543 -6.275292 -0.015963 0.026386 0.999524 248.196520
221.000000 0.999855 0.010093 0.013731 -2.370729 -0.009718 0.999587 -0.027061 -6.304823 -0.013998 0.026924 0.999539 248.938013
222.000000 0.999843 0.010595 0.014237 -2.348635 -0.010182 0.999535 -0.028755 -6.337711 -0.014535 0.028605 0.999485 249.683145
223.000000 0.999854 0.006313 0.015865 -2.340703 -0.005831 0.999524 -0.030279 -6.372341 -0.016048 0.030182 0.999416 250.435331
224.000000 0.999877 0.002749 0.015434 -2.287141 -0.002262 0.999502 -0.031465 -6.394206 -0.015513 0.031426 0.999386 251.194189
225.000000 0.999847 0.005611 0.016539 -2.290929 -0.005158 0.999613 -0.027326 -6.431286 -0.016685 0.027237 0.999490 251.967691
226.000000 0.999824 0.009535 0.016140 -2.250213 -0.009199 0.999742 -0.020783 -6.462508 -0.016334 0.020631 0.999654 252.750159
227.000000 0.999827 0.008756 0.016409 -2.218298 -0.008480 0.999823 -0.016775 -6.498551 -0.016553 0.016633 0.999725 253.535979
228.000000 0.999835 0.008193 0.016201 -2.171006 -0.007879 0.999783 -0.019308 -6.528125 -0.016355 0.019177 0.999682 254.328929
229.000000 0.999718 0.008876 0.022031 -2.162508 -0.008338 0.999668 -0.024392 -6.567909 -0.022240 0.024201 0.999460 255.122910
230.000000 0.999575 0.011385 0.026839 -2.161124 -0.010630 0.999548 -0.028116 -6.591294 -0.027147 0.027818 0.999244 255.929078
231.000000 0.999469 0.011646 0.030437 -2.162407 -0.010787 0.999543 -0.028230 -6.625436 -0.030752 0.027886 0.999138 256.746391
232.000000 0.999363 0.009762 0.034330 -2.163774 -0.008865 0.999618 -0.026176 -6.668592 -0.034572 0.025855 0.999068 257.573969
233.000000 0.999112 0.007042 0.041548 -2.179682 -0.006099 0.999722 -0.022772 -6.708500 -0.041697 0.022499 0.998877 258.408490
234.000000 0.998996 0.003549 0.044661 -2.146152 -0.002623 0.999781 -0.020781 -6.750410 -0.044725 0.020643 0.998786 259.244058
235.000000 0.998863 0.001627 0.047646 -2.128583 -0.000721 0.999819 -0.019025 -6.794746 -0.047668 0.018969 0.998683 260.082302
236.000000 0.998726 0.003804 0.050328 -2.101171 -0.002734 0.999769 -0.021310 -6.828358 -0.050397 0.021145 0.998505 260.916125
237.000000 0.998673 0.005043 0.051257 -2.008447 -0.003803 0.999699 -0.024249 -6.852207 -0.051364 0.024022 0.998391 261.748422
238.000000 0.998617 0.004822 0.052352 -1.902092 -0.003575 0.999708 -0.023881 -6.889357 -0.052452 0.023661 0.998343 262.580618
239.000000 0.998618 0.005426 0.052279 -1.810527 -0.004322 0.999766 -0.021205 -6.933821 -0.052382 0.020950 0.998407 263.417928
240.000000 0.998420 0.008393 0.055561 -1.752685 -0.007286 0.999771 -0.020098 -6.959534 -0.055717 0.019662 0.998253 264.258461
241.000000 0.998188 0.009714 0.059379 -1.722566 -0.008523 0.999758 -0.020280 -7.000928 -0.059562 0.019737 0.998029 265.097547
242.000000 0.998102 0.008798 0.060957 -1.642128 -0.007571 0.999765 -0.020327 -7.020663 -0.061121 0.019827 0.997933 265.937824
243.000000 0.997888 0.005560 0.064719 -1.616356 -0.004276 0.999792 -0.019966 -7.068171 -0.064817 0.019647 0.997704 266.780748
244.000000 0.997818 0.001944 0.066003 -1.554290 -0.000749 0.999835 -0.018124 -7.105721 -0.066027 0.018035 0.997655 267.625223
245.000000 0.997898 -0.000188 0.064797 -1.467087 0.001408 0.999823 -0.018772 -7.131682 -0.064782 0.018824 0.997722 268.469688
246.000000 0.997835 0.000717 0.065760 -1.425052 0.000558 0.999812 -0.019360 -7.159225 -0.065761 0.019354 0.997648 269.317023
247.000000 0.997887 -0.000932 0.064963 -1.321812 0.002094 0.999839 -0.017812 -7.199691 -0.064936 0.017911 0.997729 270.163755
248.000000 0.997799 -0.002132 0.066272 -1.288560 0.003167 0.999875 -0.015505 -7.247568 -0.066231 0.015681 0.997681 271.015882
249.000000 0.997637 0.000397 0.068706 -1.290830 0.000695 0.999874 -0.015871 -7.266824 -0.068703 0.015881 0.997511 271.872225
250.000000 0.997681 0.000389 0.068062 -1.226804 0.000698 0.999873 -0.015949 -7.300502 -0.068059 0.015959 0.997554 272.724813
251.000000 0.997673 -0.000406 0.068186 -1.190257 0.001586 0.999850 -0.017253 -7.325939 -0.068169 0.017321 0.997523 273.577143
252.000000 0.997853 0.000624 0.065497 -1.128735 0.000533 0.999844 -0.017647 -7.358661 -0.065498 0.017644 0.997697 274.431216
253.000000 0.997951 0.003368 0.063895 -1.076202 -0.002172 0.999821 -0.018782 -7.381051 -0.063947 0.018605 0.997780 275.282908
254.000000 0.998078 0.002921 0.061898 -1.005869 -0.001841 0.999845 -0.017503 -7.440421 -0.061940 0.017355 0.997929 276.129963
255.000000 0.998242 0.001259 0.059252 -0.952902 -0.000287 0.999865 -0.016407 -7.486686 -0.059265 0.016361 0.998108 276.977430
256.000000 0.998238 0.002000 0.059311 -0.944348 -0.001090 0.999881 -0.015371 -7.511635 -0.059334 0.015279 0.998121 277.825911
257.000000 0.998481 0.002789 0.055020 -0.928499 -0.002004 0.999895 -0.014326 -7.526610 -0.055054 0.014194 0.998382 278.671619
258.000000 0.998800 0.000010 0.048973 -0.837359 0.000590 0.999925 -0.012239 -7.548713 -0.048969 0.012253 0.998725 279.505789
259.000000 0.998957 -0.001573 0.045633 -0.830308 0.002013 0.999952 -0.009598 -7.593826 -0.045616 0.009679 0.998912 280.338370
260.000000 0.999135 -0.002425 0.041516 -0.814102 0.002822 0.999951 -0.009501 -7.616064 -0.041491 0.009610 0.999093 281.159298
261.000000 0.999327 -0.002063 0.036611 -0.748523 0.002408 0.999953 -0.009394 -7.634335 -0.036590 0.009476 0.999285 281.970165
262.000000 0.999419 -0.000619 0.034063 -0.786268 0.000972 0.999946 -0.010359 -7.636151 -0.034055 0.010386 0.999366 282.770044
263.000000 0.999604 -0.000180 0.028133 -0.752337 0.000473 0.999946 -0.010413 -7.659233 -0.028130 0.010422 0.999550 283.553461
264.000000 0.999759 -0.000649 0.021947 -0.711887 0.000866 0.999951 -0.009865 -7.687240 -0.021940 0.009882 0.999710 284.319402
265.000000 0.999806 -0.002144 0.019565 -0.723315 0.002345 0.999944 -0.010277 -7.714944 -0.019541 0.010321 0.999756 285.068836
266.000000 0.999831 -0.003877 0.017959 -0.742231 0.004058 0.999941 -0.010043 -7.747828 -0.017919 0.010114 0.999788 285.798717
267.000000 0.999920 -0.004240 0.011912 -0.668687 0.004378 0.999923 -0.011605 -7.743138 -0.011862 0.011656 0.999862 286.503175
268.000000 0.999973 -0.003625 0.006432 -0.688644 0.003707 0.999911 -0.012844 -7.770210 -0.006385 0.012868 0.999897 287.191758
269.000000 0.999998 -0.001607 -0.001499 -0.684625 0.001584 0.999883 -0.015228 -7.789495 0.001523 0.015226 0.999883 287.859320
270.000000 0.999951 -0.000573 -0.009917 -0.643079 0.000404 0.999855 -0.017042 -7.803629 0.009925 0.017037 0.999806 288.509030
271.000000 0.999762 -0.001495 -0.021754 -0.628054 0.001089 0.999825 -0.018660 -7.814062 0.021778 0.018631 0.999589 289.147535
272.000000 0.999416 -0.000197 -0.034182 -0.669161 -0.000429 0.999833 -0.018292 -7.844653 0.034180 0.018296 0.999248 289.775218
273.000000 0.998677 -0.000525 -0.051412 -0.714699 -0.000364 0.999851 -0.017274 -7.875579 0.051414 0.017270 0.998528 290.385907
274.000000 0.997546 0.002699 -0.069969 -0.755470 -0.003892 0.999849 -0.016912 -7.903424 0.069912 0.017143 0.997406 290.989783
275.000000 0.995775 0.005298 -0.091670 -0.836176 -0.006822 0.999844 -0.016320 -7.935571 0.091569 0.016876 0.995656 291.564774
276.000000 0.993210 0.007473 -0.116095 -0.928025 -0.009348 0.999834 -0.015614 -7.958133 0.115959 0.016593 0.993115 292.137343
277.000000 0.990011 0.009185 -0.140692 -1.130880 -0.011289 0.999836 -0.014162 -8.002651 0.140539 0.015608 0.989952 292.667074
278.000000 0.985410 0.009447 -0.169937 -1.264493 -0.011917 0.999838 -0.013519 -8.024460 0.169782 0.015347 0.985362 293.195133
279.000000 0.978723 0.009660 -0.204958 -1.369683 -0.012252 0.999860 -0.011378 -8.030944 0.204819 0.013647 0.978705 293.733775
280.000000 0.971186 0.009811 -0.238119 -1.615215 -0.012235 0.999887 -0.008705 -8.057017 0.238007 0.011368 0.971197 294.211780
281.000000 0.961961 0.011191 -0.272957 -1.837396 -0.013363 0.999892 -0.006099 -8.071527 0.272859 0.009514 0.962007 294.667635
282.000000 0.949189 0.012585 -0.314454 -1.925033 -0.014390 0.999891 -0.003419 -8.088255 0.314377 0.007770 0.949266 295.177404
283.000000 0.932971 0.012715 -0.359726 -1.979195 -0.013883 0.999903 -0.000663 -8.091271 0.359683 0.005612 0.933058 295.657436
284.000000 0.915462 0.014542 -0.402142 -2.146039 -0.014913 0.999886 0.002208 -8.122533 0.402128 0.003976 0.915575 296.130791
285.000000 0.894813 0.015070 -0.446187 -2.319764 -0.014362 0.999885 0.004970 -8.177564 0.446211 0.001961 0.894926 296.595403
286.000000 0.871150 0.015006 -0.490788 -2.533073 -0.013231 0.999887 0.007086 -8.203836 0.490839 0.000320 0.871250 297.005001
287.000000 0.845322 0.013305 -0.534091 -2.822684 -0.011458 0.999911 0.006775 -8.155565 0.534134 0.000392 0.845400 297.395602
288.000000 0.813240 0.013689 -0.581767 -3.041065 -0.010386 0.999905 0.009010 -8.167023 0.581835 -0.001286 0.813306 297.827733
289.000000 0.781700 0.015859 -0.623453 -3.347294 -0.012262 0.999874 0.010060 -8.161436 0.623534 -0.000219 0.781796 298.156623
290.000000 0.749154 0.014157 -0.662245 -3.737575 -0.009839 0.999899 0.010245 -8.145407 0.662323 -0.001159 0.749218 298.430157
291.000000 0.710379 0.012676 -0.703705 -4.072696 -0.004955 0.999903 0.013010 -8.155608 0.703802 -0.005756 0.710373 298.715128
292.000000 0.669913 0.012535 -0.742334 -4.490007 0.000728 0.999846 0.017540 -8.172759 0.742439 -0.012291 0.669801 298.933454
293.000000 0.621762 0.012690 -0.783104 -4.867210 0.004525 0.999794 0.019794 -8.164003 0.783194 -0.015851 0.621576 299.202122
294.000000 0.571752 0.016146 -0.820268 -5.255029 0.004269 0.999734 0.022655 -8.148377 0.820415 -0.016455 0.571531 299.381871
295.000000 0.520339 0.023315 -0.853641 -5.683039 -0.000057 0.999628 0.027268 -8.157209 0.853960 -0.014140 0.520147 299.518526
296.000000 0.461529 0.026737 -0.886722 -6.054763 -0.002725 0.999584 0.028722 -8.138282 0.887121 -0.010839 0.461410 299.756234
297.000000 0.403563 0.027686 -0.914533 -6.444408 -0.003368 0.999580 0.028775 -8.094021 0.914945 -0.008532 0.403487 299.885943
298.000000 0.347886 0.029616 -0.937069 -6.866394 -0.001526 0.999518 0.031023 -8.067486 0.937536 -0.009362 0.347763 299.922207
299.000000 0.286910 0.033182 -0.957383 -7.261325 0.000112 0.999399 0.034672 -8.069182 0.957958 -0.010055 0.286734 300.035821
300.000000 0.228454 0.037010 -0.972851 -7.678967 0.002512 0.999251 0.038604 -8.068476 0.973551 -0.011263 0.228190 300.071302
301.000000 0.166743 0.040456 -0.985170 -8.099478 0.005994 0.999098 0.042043 -8.068382 0.985982 -0.012916 0.166350 300.114951
302.000000 0.101941 0.043765 -0.993827 -8.526873 0.006086 0.998986 0.044616 -8.039252 0.994772 -0.010596 0.101571 300.125760
303.000000 0.033335 0.050657 -0.998160 -8.965027 0.008717 0.998662 0.050973 -8.042156 0.999406 -0.010401 0.032849 300.168854
304.000000 -0.032817 0.058080 -0.997772 -9.407652 0.010766 0.998273 0.057755 -8.040654 0.999403 -0.008847 -0.033386 300.102467
305.000000 -0.104339 0.064340 -0.992458 -9.875755 0.013473 0.997905 0.063276 -8.012287 0.994450 -0.006769 -0.104988 300.079410
306.000000 -0.170971 0.070654 -0.982740 -10.325450 0.015654 0.997494 0.068992 -7.991985 0.985152 -0.003589 -0.171648 299.948660
307.000000 -0.237668 0.077437 -0.968255 -10.791817 0.021083 0.996994 0.074561 -7.976093 0.971118 -0.002693 -0.238586 299.779369
308.000000 -0.297497 0.082681 -0.951136 -11.212006 0.026515 0.996574 0.078338 -7.974280 0.954355 -0.001914 -0.298670 299.528693
309.000000 -0.356025 0.086913 -0.930426 -11.645579 0.032009 0.996215 0.080811 -7.974379 0.933928 -0.001011 -0.357459 299.281288
310.000000 -0.412143 0.087047 -0.906952 -12.090909 0.034726 0.996203 0.079833 -7.940130 0.910457 0.001408 -0.413601 298.981982
311.000000 -0.467660 0.086621 -0.879654 -12.536330 0.036622 0.996231 0.078631 -7.900613 0.883149 0.004558 -0.469070 298.702253
312.000000 -0.516728 0.089286 -0.851481 -12.976627 0.040188 0.995980 0.080049 -7.896335 0.855206 0.007145 -0.518239 298.336979
313.000000 -0.561517 0.091384 -0.822403 -13.416867 0.043423 0.995768 0.080999 -7.878070 0.826325 0.009771 -0.563109 297.981153
314.000000 -0.601067 0.091966 -0.793889 -13.871020 0.045568 0.995685 0.080842 -7.826335 0.797898 0.012416 -0.602664 297.604747
315.000000 -0.637112 0.093186 -0.765117 -14.321851 0.047937 0.995534 0.081332 -7.771028 0.769279 0.015140 -0.638734 297.162528
316.000000 -0.671537 0.100084 -0.734181 -14.755543 0.056704 0.994872 0.083756 -7.732519 0.738799 0.014614 -0.673768 296.699103
317.000000 -0.708317 0.106272 -0.697849 -15.233883 0.064622 0.994213 0.085812 -7.682663 0.702930 0.015686 -0.711086 296.212185
318.000000 -0.739715 0.108099 -0.664181 -15.641866 0.068306 0.993977 0.085701 -7.645878 0.669445 0.018027 -0.742643 295.666906
