0.0 1.0 0.0 0.0 0.0 0.0 1.0 0.0 0.0 0.0 0.0 1.0 0.0
1.0 0.9999989849303724 0.0008747092806966661 0.001124731923247116 0.01006603294764274 -0.0008734123212301056 0.9999989537525454 -0.0011531022207574276 -0.0047690031897939045 -0.0011257393757132964 0.00115211869555853 0.9999987026658432 0.9999379638703957
2.0 0.9999994678591176 -0.0005551770518021736 0.0008695170633348924 0.04247134072546387 0.0005551240055003027 0.9999998440430728 6.12467827032569e-05 -0.027182302547882807 -0.0008695509305359734 -6.076406031636386e-05 0.999999620094382 1.9991614323896805
3.0 0.9999997896790151 0.000489771230175897 0.00042516593015043234 0.07855232696198577 -0.0004901657646428937 0.9999994489550896 0.0009283464010049791 -0.03348827490610001 -0.0004247110185061112 -0.0009285546075375741 0.9999994787033096 2.998490405823763
4.0 0.9999994337695695 0.0010431243103286142 0.0002105996554026438 0.08384548364800481 -0.001043345087561304 0.9999989034640943 0.0010509527282035343 -0.04859176945564918 -0.00020950315013281576 -0.0010511718612380972 0.9999994255729088 3.998362331094539
5.0 0.9999988246524592 0.001109304496412685 0.0010583653598988055 0.06407779266017193 -0.0011113069254524348 0.9999975902157823 0.0018932933069954376 -0.07837485703935429 -0.00105626257068811 -0.0018944672504716564 0.9999976476488424 4.997723229912873
6.0 0.9999888999891732 0.0011538837491963368 0.004568199944992688 0.03834124898498008 -0.0011541745568094492 0.9999993320783974 6.1023372468721205e-05 -0.08932546204771152 -0.004568126479915379 -6.629519525529479e-05 0.9999895638582488 5.99733201067143
7.0 0.9999990758166856 -0.0003866420140516542 0.0013034085040029815 0.07325932499922037 0.00038746695816585313 0.9999997247674328 -0.0006327198554876235 -0.09644821081237304 -0.0013031635091832103 0.0006332242984670449 0.9999989503953772 6.99669680613778
8.0 0.999995541175652 -0.002970860783429684 -0.0003026797315063844 0.09674879529922657 0.0029711813051883865 0.9999950199182829 0.0010640584041594575 -0.1256392993952435 0.00029951705475305453 -0.0010649529760700972 0.9999993880821592 7.995994622172804
9.0 0.9999851861303712 -0.005434065450599273 -0.000313771389618563 0.05555327587863871 0.00543482643447028 0.9999821618684052 0.0024776211615809727 -0.16492825341276418 0.00030030223697006224 -0.002479289751467223 0.9999968814655849 8.99437296091613
10.0 0.9999704281280669 -0.007671625133751321 -0.0005376217783552104 0.04197363738864508 0.007672359666106381 0.9999696178422611 0.0013777842932659776 -0.1747703792245623 0.0005270355996330762 -0.0013818683772536294 0.9999989063360346 9.994232314014349
11.0 0.9999568320005703 -0.008579844163428049 -0.0035665683104915288 0.0641288895090111 0.008582665402503742 0.9999628667836141 0.0007764718207104549 -0.19136494538511384 0.0035597738651203456 -0.0008070489644199146 0.9999933383188101 10.993849123185452
12.0 0.9999563907399347 -0.0090417784407605 -0.002337276404453192 0.03894679078556964 0.009043684188645299 0.9999587801462893 0.0008060922060592483 -0.21400710570371465 0.0023298915551323396 -0.00082719464263851 0.9999969436725118 11.993275555935751
13.0 0.999970911546974 -0.006494036127337607 -0.00400044431163744 0.01483458072004178 0.006499822929711649 0.9999778459471405 0.0014352410261800007 -0.24939203655639064 0.003991035178507897 -0.001461201456905074 0.9999909682234669 12.99235838933562
14.0 0.999969506877248 -0.006732824263195498 -0.003956563295842612 0.011440144524860084 0.006741197182490668 0.9999750587308285 0.002106698086220896 -0.2719249208504837 0.003942280586142966 -0.002133305819760258 0.9999899536645651 13.992098729088053
15.0 0.9999710329757694 -0.006205838328460127 -0.004406901407303233 -0.009636036747010161 0.0062171986206959245 0.9999773735008732 0.002568837793472292 -0.2773945969601204 0.004390859902514708 -0.002596161963237138 0.9999869900615593 14.991861639595465
16.0 0.9999684307406264 -0.005996987531453707 -0.005212836337039905 0.02894446493993037 0.00599938781527602 0.9999819045228394 0.0004449412550636096 -0.268185823343402 0.005210073701120825 -0.00047620103540161425 0.9999863140886496 15.991074701648827
17.0 0.9999770742124842 -0.004862017224036022 -0.004712943661164255 0.006681029183470064 0.004861274572541544 0.9999881696509456 -0.00016901977612696368 -0.2892665420990852 0.004713709682459055 0.00014610498803322567 0.9999888797353512 16.99060456249595
18.0 0.9999784054823203 -0.0052783048729116945 -0.003915107495930738 -0.04080432932083078 0.005269272248413474 0.9999834402773733 -0.002313858466724631 -0.2791181565647339 0.003927255913257383 0.0022931787327887697 0.999989658942677 17.98942494224336
19.0 0.9999848027279363 -0.0017144667935974725 -0.005239743961733859 -0.027488733836729607 0.0017027418694722015 0.99999603854113 -0.0022413326784773424 -0.2824344651882192 0.005243565895155214 0.002232376684905441 0.9999837606236611 18.9893307863177
20.0 0.9999846959556755 -0.0017353551938782347 -0.005253227273434854 -0.06702494359366888 0.0017236403475673295 0.9999960197379507 -0.0022337350358701087 -0.2900668849053183 0.005257082687910833 0.0022246461762062404 0.9999837068827688 19.98851977459135
21.0 0.9999851377855805 6.348527547010941e-06 -0.005451987495442943 -0.07920966171894131 -1.968200430573332e-05 0.9999970094017309 -0.002445567463022505 -0.3150500635171581 0.0054519556649870494 0.0024456384225154254 0.9999821473567084 20.988133386658856
22.0 0.9999673444457133 -0.001177540043202553 -0.007995213670404079 -0.08464968222990608 0.0011636450687227576 0.9999978050864208 -0.0017423410969786212 -0.327793640421898 0.00799724779801251 0.0017329806089029678 0.9999665198424728 21.98803738576303
23.0 0.9999503392740893 -0.0036821169854615223 -0.009260723521380982 -0.09219368853810045 0.0036841909574166945 0.999993191940696 0.000206903966239522 -0.3496432410895486 0.009259898629218484 -0.00024101196509539657 0.9999570971749788 22.987770191526398
24.0 0.9999521168740029 -0.004109122763460567 -0.008881388929473539 -0.14435898759641835 0.004110935245754233 0.999991532803419 0.00018583023725412024 -0.382526421698146 0.008880550129750461 -0.00022233215390333167 0.9999605424204531 23.985867119688795
25.0 0.999901092457924 -0.0056158807970762845 -0.01289446332052084 -0.09425538410116381 0.005620091294360388 0.9999841650179188 0.00029032268695861264 -0.3968649019411764 0.012892628719323488 -0.00036276203290877866 0.9999168208048173 24.984508214828136
26.0 0.999857274289073 -0.007723006447535433 -0.01502618456688158 -0.14183666058097116 0.007733953922958581 0.999969867681393 0.000670586295259757 -0.4402563804695517 0.01502055285081972 -0.0007867024044324737 0.9998868756471319 25.98243266172764
27.0 0.9998804749405072 -0.006778916688080343 -0.013895399284736732 -0.1692644573475585 0.006790028852355142 0.9999766642188817 0.0007526791258417334 -0.45046448587207943 0.013889972675654333 -0.0008469393238831287 0.999903170988497 26.982004325265887
28.0 0.9998701146090391 -0.0076880561674713774 -0.014165016910441152 -0.19483127981056567 0.007712068747943418 0.999968914484444 0.001641359325069582 -0.4622922856568532 0.014151957720906296 -0.001750387720701378 0.999898323948737 27.981607466888295
29.0 0.9999002498283226 -0.007972944217295889 -0.01165858283697491 -0.2734344899072163 0.00799433209605772 0.9999664443847384 0.001789066484482371 -0.49462408732949154 0.011643927498773785 -0.0018820906077618904 0.9999304359240935 28.97798901527381
30.0 0.9998762392507087 -0.008774425958383581 -0.013058163383912936 -0.26862945294648216 0.008800692394867766 0.999959361300615 0.0019553927076848975 -0.5193794338214475 0.013040475268604367 -0.002070071586002259 0.9999128266045982 29.977671006929086
31.0 0.9998543777979787 -0.008359753403383258 -0.014877423206047076 -0.222585857450633 0.008354929884682514 0.9999650223314238 -0.0003863422600775117 -0.47758089764082207 0.01488013255449302 0.00026198617231494906 0.9998892503764631 30.975735568812215
32.0 0.9998093170181778 -0.007671032127850675 -0.01795786372981829 -0.15261391963149296 0.007687802517307477 0.9999700742635317 0.0008650259222143373 -0.49119437215013695 0.017950690685880583 -0.001002917486480337 0.9998383703681379 31.973191633623905
33.0 0.9997298205721533 -0.008013060065821068 -0.021819182550044544 -0.1085605378192992 0.008103529448826774 0.9999589194297896 0.0040610667667286765 -0.5542998311580787 0.0217857446336513 -0.004236781938377433 0.9997536851692835 32.97022573564565
34.0 0.9998149767018872 -0.004901501004655472 -0.01860074327836973 -0.1983958455243809 0.004950586978187396 0.999984381830891 0.002593796997763723 -0.5064381645926469 0.018587739270225896 -0.0026854016823476107 0.9998236267295472 33.96503168575005
35.0 0.9998573380287261 -0.002372336308657958 -0.016723504732880545 -0.25795766008734483 0.0024120361436916742 0.9999943200747824 0.002354124002279002 -0.5266241125258044 0.016717824970779047 -0.0023941258561737933 0.9998573810747362 34.963052185415265
36.0 0.9998434202616211 -0.001925827097765528 -0.01759051305493753 -0.2659808901814462 0.0019499296653893608 0.9999971833703583 0.001353153965017775 -0.5221090268244497 0.017587857568404214 -0.001387242351759864 0.9998443593003912 35.96300980540722
37.0 0.9998485941532531 0.002157781784950918 -0.017266521002675207 -0.2527280419545832 -0.0021468887839616604 0.9999974845804842 0.0006493852915563552 -0.49544098604015513 0.017267878801885288 -0.0006122176705484335 0.9998507116320944 36.96256629586416
38.0 0.9998743344180406 0.002223211313907882 -0.015696263999360974 -0.2875002408915531 -0.002178791595927792 0.9999935751648604 0.002846488395465569 -0.4907284957955452 0.015702491498658613 -0.002811931801756239 0.999872754304404 37.96195044953921
39.0 0.9998943983221462 0.00411540000023198 -0.013937563877341448 -0.31746435164527853 -0.004033906968240284 0.9999746345494973 0.005870081104532186 -0.5070366115258481 0.01396136807653419 -0.005813238378073998 0.9998856366910112 38.961368378850096
40.0 0.999884431751846 0.005166389403957156 -0.014297956526017928 -0.3145779944760485 -0.005045798493867269 0.9999515049976461 0.008457397383570799 -0.5088261603556467 0.014340957354810654 -0.008384275369467606 0.9998620109138434 39.961362612062096
41.0 0.9998526102629065 0.0046315814429943635 -0.0165319751933859 -0.27933792499130233 -0.00447680295637583 0.9999459185286258 0.009387132322197126 -0.5067627684820887 0.016574558387709704 -0.00931173835981234 0.9998192714400784 40.960739357797515
42.0 0.999851886016004 0.00010179692905302532 -0.017210336069645896 -0.27535114777700925 3.707797265563824e-05 0.9999674463271416 0.008068761441607581 -0.5232723813798761 0.017210597185132282 -0.008068204469575459 0.9998193333903715 41.96059511653944
43.0 0.9998597753543031 -0.0005505584587466827 -0.01673698042750589 -0.2872255676920714 0.0006577984962836272 0.9999792871711223 0.0064025408920537485 -0.5427656097956334 0.01673310878424934 -0.006412652658583876 0.9998394275863968 42.96033458870088
44.0 0.9998421033858291 0.0013448077288141728 -0.01771891049635241 -0.26585853720047226 -0.0012527120172612196 0.9999856553455546 0.0052076689339274765 -0.5425063913238163 0.0177256596381362 -0.005184649968524258 0.999829445653155 43.9601062540394
45.0 0.9998082242552256 0.00017791440097146484 -0.019582723459294436 -0.2489989501844968 -9.621193653682425e-05 0.9999912882284128 0.004173033733977015 -0.5412278987680017 0.01958329530187796 -0.0041703493555787395 0.9997995312718296 44.95996330371322
46.0 0.9998395809524134 7.172780095577863e-05 -0.017911091983169432 -0.2976997638652015 -3.0409767213795725e-05 0.9999973381736205 0.0023071022781747 -0.5439041741809911 0.017911209790325653 -0.002306187502887519 0.9998369217342633 45.958773129604396
47.0 0.9997800673986784 0.0021408291753806934 -0.02086225497735832 -0.31286264603415886 -0.002115794285928076 0.9999970150516931 0.0012220074654058697 -0.5312099913536433 0.020864808813840462 -0.0011775984662532315 0.9997816126609916 46.95857758284846
48.0 0.9997832542687934 0.001772632964511992 -0.020743728114262953 -0.3640097265276789 -0.0017059040883305344 0.999993315302478 0.003234075076757432 -0.5673921540657704 0.02074932227680612 -0.00319798729419352 0.999779594961969 47.95661306681608
49.0 0.9998216773755235 0.0025081611496451106 -0.018716906198567616 -0.40428606044764226 -0.0024645565567497432 0.999994196086881 0.002352393150361003 -0.5688169083128382 0.018722697748379 -0.002305844791547653 0.9998220560023763 48.95580063029017
50.0 0.9998533593553082 0.0034452449869083654 -0.01677468547809313 -0.4534607264315964 -0.0033931060017931367 0.9999893271636819 0.003135664266124533 -0.5909270735694144 0.016785309576214727 -0.003078286164321874 0.9998543781655008 49.95434606882448
51.0 0.9998418920715576 0.004019610936509401 -0.017321477612812514 -0.4707415576353984 -0.003977998631866604 0.9999891203178538 0.0024361389148070444 -0.5829245875848751 0.01733108149126711 -0.002366848927684924 0.9998470041163776 50.95416471892608
52.0 0.9998896396479832 0.0031466811109008897 -0.0145191915276507 -0.531745619046426 -0.003108798341617516 0.9999917066136216 0.0026309840080154375 -0.6183005029397968 0.014527349982067063 -0.0025855564131521337 0.9998911295738809 51.95167514448772
53.0 0.9998698114824676 0.002781545349994804 -0.01589412128695488 -0.5698488717791027 -0.0027473604119313505 0.999993866713339 0.002172221553001353 -0.63723903036875 0.01590006593651317 -0.002128271875092175 0.9998713209018644 52.95076947152096
54.0 0.999904753771035 0.0020046174151536755 -0.013655214941878784 -0.6763453934713486 -0.001939680941476302 0.9999867564948525 0.004767019273328545 -0.6739027221721811 0.013664590148823336 -0.004740078472545758 0.9998953998454728 53.94440635920719
55.0 0.9998516573231907 0.0033425178471982826 -0.01689647663017825 -0.6588926736037887 -0.003233737099853124 0.9999738969348931 0.006461299653693955 -0.6758744029433368 0.01691763258975747 -0.006405702403872777 0.9998363669542483 54.944252104832074
56.0 0.9998696396545821 0.005829085803331364 -0.01505740534481559 -0.7279387139211463 -0.0057597439548418925 0.9999726269149205 0.004644434352077666 -0.68039635570718 0.0150840659835244 -0.004557102102601765 0.9998758441795816 55.94185533069879
57.0 0.9998423005343747 0.005725820512969941 -0.016810384932717925 -0.7420239182433017 -0.005666740686768088 0.9999776069151785 0.0035600165987961768 -0.7109188605082382 0.016830392512410346 -0.003464195093823396 0.9998523577209936 56.941290162851374
58.0 0.999796397165936 0.008629751327668243 -0.018239835691148978 -0.7410609866491868 -0.008564194018145318 0.9999565946688505 0.0036692450311841367 -0.7203678941135647 0.018270708657220285 -0.003512288470779744 0.9998269075369299 57.94124505609741
59.0 0.9997608940440531 0.01261959243441061 -0.01785778897368732 -0.7662353570075715 -0.012585434427597053 0.9999187520832817 0.0020238756095902672 -0.7138910257675771 0.017881878550867297 -0.001798643656728658 0.9998384886072788 58.94090714963376
60.0 0.999712436598573 0.014900971974371372 -0.01878843113106348 -0.7771736349434941 -0.01486383874457902 0.9998872912513288 0.002114495650781971 -0.7231622381036048 0.01881782155093373 -0.0018346193886255163 0.9998212459053742 59.940804343698034
61.0 0.9996551163000696 0.01447250428227786 -0.021913353803045123 -0.7630680678500453 -0.014392307604743427 0.99988915502134 0.003813024065197244 -0.7507389471149011 0.02196610882492268 -0.0034963252867656306 0.9997526022834748 60.94032450762524
62.0 0.9996582522609845 0.016617310924039872 -0.020180279090486697 -0.7906642637842404 -0.01654152801999434 0.9998555092289468 0.003916441661662026 -0.7499632947969447 0.02024244395520873 -0.0035812905745534673 0.9997886865835902 61.93994335915488
63.0 0.9997319648505768 0.015186738596676684 -0.01747459375217283 -0.8064807520017983 -0.015162247950117565 0.9998838711125809 0.0015331425309943773 -0.7539870332490568 0.017495847881892145 -0.0012677774716098739 0.9998461321859357 62.939810174400456
64.0 0.999844965133932 0.010964941746801488 -0.013777363638101276 -0.8468689322098965 -0.01100352315892518 0.99993573908287 -0.002727669864035329 -0.7753711169225017 0.013746569550915171 0.0028788465199634846 0.9999013671699306 63.93876538654209
65.0 0.9998415896795992 0.01162416728244975 -0.013478660243608453 -0.8413068940146939 -0.011672342537146827 0.9999257468026408 -0.003501042827305535 -0.7920684250656691 0.013436962702502156 0.003657815765294181 0.9999030295069408 64.9386105063641
66.0 0.9998787517221749 0.010540428840782816 -0.01146216447093928 -0.8552127011714254 -0.010552716551433276 0.9999438063646211 -0.0010120703634079002 -0.803906402874912 0.011450852714601516 0.0011329046243464677 0.9999337950580632 65.93844373786257
67.0 0.9999153345353693 0.009863605619566531 -0.008487228358195969 -0.8725946127883406 -0.009852852567581649 0.999950604191443 0.0013078506996362263 -0.831243065572712 0.008499709248199842 -0.0012241165601289217 0.9999631275608832 66.9379188881395
68.0 0.9999315966562294 0.011397392870331676 -0.0026270600081012975 -0.9210876816518532 -0.011399485048115048 0.9999347173501986 -0.0007828016463696809 -0.8485381695211723 0.002617966608760056 0.000812695231401702 0.9999962428815897 67.93659265952414
69.0 0.9999434648997289 0.010539904365221208 0.0014062077724299436 -0.9482445951398936 -0.010533316605932506 0.9999338839666878 -0.004612692985305644 -0.8706842132033139 -0.0014547321424815145 0.004597620174563081 0.9999883727539651 68.93597849832666
70.0 0.9999643774437098 0.006373395157529499 0.005533866440581217 -0.9433540448725507 -0.006330755193076863 0.9999503999259993 -0.007688902816525018 -0.896605686916133 -0.005582596376374056 0.007653595364443744 0.9999551275410787 69.9356305176407
71.0 0.9998994393761219 0.007239340836954575 0.012194387215647463 -0.9674290905812448 -0.007127777050291348 0.9999325733021213 -0.00916753204097948 -0.9219566416964748 -0.012259931877463425 0.009079691274898563 0.999883619866188 70.93501919141374
72.0 0.9998663108200024 0.006069312547086065 0.015183014601969984 -0.9349804074275523 -0.005958075196498132 0.9999551577229628 -0.007360970262285244 -0.9566884462091094 -0.01522700979019431 0.007269524637497015 0.9998576359584365 71.93388894504376
73.0 0.9997655259369128 0.00714354101998979 0.02044169684207693 -0.9487477309721096 -0.006994784006714456 0.9999486017262691 -0.007339407495395352 -0.9749447226497064 -0.02049307553265261 0.007194701340556368 0.9997641072412192 72.93362749545228
74.0 0.9996585575613309 0.008250151916131697 0.02479321051739901 -0.9062317839084957 -0.007960824545107777 0.9998993261960957 -0.011745754346183468 -0.9668756598897263 -0.024887618748310483 0.011544369448334727 0.9996235961436074 73.9326906988941
75.0 0.9995821534532828 0.0067695645539168955 0.02810145002393615 -0.8808391162004563 -0.0063891189342438395 0.9998870205432122 -0.013606076159807369 -1.0041479295440159 -0.02819038234826652 0.013420847401440141 0.9995124727576361 74.93167317638883
76.0 0.9994593660427905 0.006893620380755056 0.03214737356906347 -0.8496671082470714 -0.006442581698697464 0.9998796525914532 -0.014112883286373347 -1.0281689494709751 -0.03224079357581665 0.013898141301815351 0.9993834964106398 75.93089852460707
77.0 0.9993146285289096 0.0063790060669019185 0.03646342674141363 -0.8489044118478147 -0.005923229845576848 0.9999031493856685 -0.012593934922086807 -1.0631399019672896 -0.036540232023406914 0.012369322140833652 0.999255628612344 76.93028656274625
78.0 0.9992579881069928 0.007444357719448024 0.037789611568661625 -0.8274726101830262 -0.006980262160476879 0.9998987757280648 -0.012398154608315025 -1.0797359740611292 -0.03787808264070885 0.012125173634450424 0.9992088025131672 77.92991911937315
79.0 0.9991294162670675 0.005976107332999529 0.04128796060564902 -0.8086145087845302 -0.005557442118394065 0.9999320497352345 -0.010247475269411863 -1.1185915319783168 -0.04134639508989626 0.010009098532884168 0.9990947370292914 78.92898599282587
80.0 0.9989496080577344 0.005138081289045717 0.045533292017672734 -0.7766210452170842 -0.0047138276160025375 0.9999445209260424 -0.009419920339296185 -1.1407617409937267 -0.04557916618923672 0.009195389641512529 0.9989184072880195 79.92822815572792
81.0 0.9989216414741248 0.00447219550630432 0.04621205104725287 -0.7332814340864 -0.003983655689240168 0.9999352624992189 -0.010658390965450761 -1.170355741942724 -0.046256725802741934 0.010462804498613192 0.9988747894706487 80.92685014287565
82.0 0.9986759734725372 0.002575007152911654 0.051377712549739246 -0.7113993551339778 -0.0018784076552739804 0.999905723047768 -0.013602080760134472 -1.1960294832754808 -0.0514078942708393 0.013487562955812856 0.9985866582586361 81.92628099772588
83.0 0.9986973109497317 0.002833969985795826 0.05094751923200037 -0.6470328650013606 -0.0020398801577268095 0.9998757371113263 -0.015631673775660448 -1.236252558669386 -0.050985488040397854 0.015507383731826148 0.9985789908961011 82.92339636675491
84.0 0.9986140086328458 0.002066972041565325 0.052590772848648326 -0.6222285366396151 -0.0012444808199772507 0.9998764842695227 -0.01566740158140014 -1.2795767051090492 -0.05261666114195631 0.015580238489942047 0.998493236401163 83.92214947119555
85.0 0.9986661757787982 0.002686015068242882 0.05156214384996222 -0.5513206199629768 -0.0019300945208458595 0.9998900190189869 -0.01470457756466839 -1.315187895812029 -0.05159596971170935 0.014585444431619604 0.9985615257560448 84.91899645566673
86.0 0.9986135859079162 0.0030725070514141545 0.05254965024195209 -0.5581870358909021 -0.002428848251979048 0.999921303047325 -0.012308062736004923 -1.3597158243626983 -0.05258333135415957 0.012163363538246616 0.9985424607151843 85.91798099804528
87.0 0.9987607287162424 0.00243790507084758 0.0497097917222131 -0.47382363423688895 -0.001867287006210769 0.999931873777561 -0.011522197834491424 -1.3625707502160815 -0.04973449520641287 0.011415096257422435 0.9986972391891336 86.91441196196588
88.0 0.9988434517074256 0.0039056672908787025 0.04792186081746829 -0.4395987305826272 -0.00339499496371186 0.9999366350113901 -0.010733124954967805 -1.3713351086299403 -0.04796074426436898 0.01055801710149757 0.9987934197242656 87.91378768810267
89.0 0.9988304391324296 0.005015333231013625 0.04808950296166176 -0.42539770105110486 -0.004492926427835966 0.9999297869017608 -0.01096516660695036 -1.3868556365836453 -0.048141120413133474 0.010736279578419964 0.9987828416758986 88.91356638560141
90.0 0.9989072902913162 0.0067535923062796 0.046245155355140816 -0.39332888494428686 -0.006231754922650301 0.999915381766583 -0.011419042743518282 -1.405037912790018 -0.04631836173100793 0.01111837657011308 0.9988648512531623 89.91288665251561
91.0 0.9991715954486349 0.007064292168159224 0.040077657426463374 -0.3430634168781148 -0.006611175908241176 0.9999128513766647 -0.011427248352255295 -1.439998778055194 -0.0401548901348303 0.011152821524471787 0.999131222297804 90.91101045276285
92.0 0.9992570706066256 0.007148864582716156 0.03787084073326392 -0.3708787027269087 -0.0067606630459174765 0.999923387402232 -0.010368836059613295 -1.4768326855911176 -0.037942064754646086 0.010105100753063983 0.9992288459912102 91.90994467138226
93.0 0.9994450005477182 0.007052601297108915 0.032556899347408644 -0.3216391416467042 -0.0067823270723076645 0.9999416798266808 -0.008404581184398331 -1.5098003703043603 -0.03261427478355863 0.008179105106607678 0.9994345457907678 92.90818742612144
94.0 0.9995575099203402 0.007159941885329086 0.02887073940948184 -0.33406146353276844 -0.006931509498734485 0.9999439388735789 -0.008004579068651712 -1.5377042351425119 -0.028926433204257935 0.007800919317367341 0.9995511028055967 93.9077208473966
95.0 0.999684053096191 0.007807896814905664 0.023892064216003962 -0.2967878911647081 -0.0076177417413743455 0.9999386654252755 -0.008039614311993805 -1.5594982806768185 -0.023953371285385706 0.007855070645875688 0.9996822164414119 94.90678826273063
96.0 0.9997992848713376 0.008509848715210197 0.01813759756991022 -0.2930879842993908 -0.008356608598017554 0.999928889115548 -0.008507867235183493 -1.5719282728152493 -0.018208708452365725 0.008354590773714081 0.9997993017348541 95.90670416218649
97.0 0.999823862728133 0.011157266941896178 0.015091683596767248 -0.3313462002672859 -0.011002005439109355 0.9998860954982288 -0.010332081379371747 -1.570681319724549 -0.015205242376081144 0.01016422272972534 0.999832730600767 96.90597127063094
98.0 0.9998742039247959 0.011447862371907872 0.010978286426952292 -0.3160760679962034 -0.011312039316278003 0.999859682646409 -0.01235527355968575 -1.56636426790674 -0.011118187454132296 0.012229532507074222 0.9998634028918122 97.90584535576568
99.0 0.999912479989776 0.011668103675969684 0.006236001708231161 -0.30528206629386445 -0.011582678729455956 0.9998409227196144 -0.013563583915983564 -1.589736711896896 -0.006393271005388198 0.01349016722663518 0.9998885645280928 98.90551391003213
100.0 0.9999088844705816 0.013065529153268678 0.003393332395202569 -0.32965792147093104 -0.013022752763912274 0.9998391004605037 -0.012336170426293576 -1.636863086164716 -0.0035539650039271608 0.012290855880763143 0.9999181487474211 99.90410537931913
101.0 0.9998678729367051 0.016150413714175364 0.0018441274064344576 -0.33576501573978196 -0.016125377834067315 0.9997871772153256 -0.012867496474693816 -1.660751843658008 -0.0020515503256364415 0.012836059078967217 0.9999155097949944 100.90380134843424
102.0 0.9998364390782108 0.01803764098644072 -0.0013185594597129866 -0.3088953202687839 -0.01805315209552736 0.9997539294696856 -0.012890469710016467 -1.6899801671890347 0.0010857213363116892 0.012912165487379074 0.9999160450715885 101.90301289989311
103.0 0.9997630716050349 0.021693224265587636 -0.0017901608392799802 -0.3319507762886488 -0.021714956036559707 0.9996773879298435 -0.01317500459588972 -1.713191192180325 0.0015037749823869995 0.01321075632711797 0.9999116033820531 102.90247760375541
104.0 0.9997576795107048 0.021948899675059808 -0.0016816844014558446 -0.3430646009669526 -0.02196685802174804 0.9996922015450035 -0.011530798704456993 -1.743459353081123 0.0014280784376578942 0.01156494587815462 0.999932104004473 103.90195762923705
105.0 0.9997503038700872 0.022343750645018628 -0.00029448053057688875 -0.37057546495007915 -0.022345602085183068 0.99969670517642 -0.010352377836337393 -1.8002864121489224 6.308026719825308e-05 0.01035637323241184 0.999946369339052 104.8999625579426
106.0 0.9996314345582537 0.02695471812700986 -0.003230822449887413 -0.35814900511879716 -0.02697892282293842 0.9996063599162952 -0.0076982425405778205 -1.8355420466194183 0.0030220467109132398 0.007782569343942783 0.99996514881674 105.89926362535628
107.0 0.9996291777130237 0.02714710182954389 -0.0021311797298192753 -0.3942230205596304 -0.02715714480978369 0.9996194881704458 -0.0048340827095459645 -1.865426739054634 0.001999137455152772 0.004890166880476084 0.9999860447612848 106.89816580803888
108.0 0.9996662837161792 0.025626219672728184 -0.003258537458464584 -0.36508028530607184 -0.025647165950313376 0.9996495490776851 -0.006557583968499493 -1.8717457636881376 0.0030893494137077472 0.006638967846896762 0.9999731896536673 107.89772109460868
109.0 0.9996858717236176 0.02471152771384479 -0.004183093859630504 -0.38207886392997104 -0.024743079956366397 0.9996644420507069 -0.007667026394145328 -1.9032112968196924 0.0039922262540115555 0.007768120590190504 0.9999618584886301 108.89708137426236
110.0 0.9997387289623832 0.021992904591200825 -0.006227837531641744 -0.3808936946361285 -0.02203465743096087 0.9997346433302269 -0.006716903847111304 -1.915639821103132 0.006078460707956646 0.006852377181216538 0.9999580477411992 109.89700343480403
111.0 0.9997787998974637 0.020414297330209923 -0.0050604090843322964 -0.4246920751277686 -0.020436859003266097 0.9997812529610776 -0.004447586049247837 -1.933900676900142 0.004968507790818299 0.0045500211097105996 0.9999773053615946 110.89587692179418
112.0 0.9998260918243234 0.017533422689712818 -0.006353361006861723 -0.4071103627587228 -0.01754628464041226 0.9998441027160586 -0.00197437565954532 -1.9617135505071417 0.006317752972149559 0.002085510180123244 0.9999778680774256 111.89533543891828
113.0 0.9998584943889347 0.01515926232210635 -0.007293007893986278 -0.407366370919126 -0.015171015300463895 0.9998836982627252 -0.0015589237364556576 -1.976579673393904 0.007268527570636946 0.0016693454743430863 0.999972190509638 112.89522489923384
114.0 0.9999332513454748 0.011256027385579596 -0.002606664758400029 -0.4715711727423971 -0.011265932583988478 0.9999292522637682 -0.003816966104326639 -1.9982736030159087 0.0025635164677690137 0.003846077836409305 0.9999893179772462 113.89292581475932
115.0 0.9999623229796861 0.007844888524380297 -0.003716227268398555 -0.4663400849965933 -0.007865441782517382 0.999953672126891 -0.00554873188394805 -2.0133118427270276 0.0036725259204118408 0.005577752593491643 0.9999777003660488 114.8927990502584
116.0 0.9999734024674323 0.007201914098574184 -0.0011518641513401228 -0.4822980724630257 -0.00720834993333746 0.9999578631518447 -0.005684330395284735 -2.0267211485269394 0.0011108775562004014 0.005692482245997759 0.9999831806570227 115.89258179323508
117.0 0.9999724054941763 0.007003930140846886 -0.0024765324089514244 -0.4820577015494625 -0.007018263279142319 0.9999583938663648 -0.0058270504333161706 -2.047272461652234 0.0024356171158507974 0.005844270595201715 0.999979955934356 116.89237056380148
118.0 0.9999685087188788 0.007523588686448304 -0.002525308658087752 -0.47806486984579094 -0.00753376709279008 0.9999634373051581 -0.004045541527769961 -2.0648433435861366 0.0024947793355288967 0.004064439215749182 0.9999886281403056 117.89220821132383
119.0 0.9999568176617449 0.009292414333952849 -0.00011767600286393296 -0.5090624794761252 -0.00929269738637728 0.9999532016003712 -0.0026907962504267536 -2.09274480657068 9.266650216801646e-05 0.0026917735830344863 0.9999963728773712 118.89133816111043
120.0 0.9999454584086654 0.01040075876701452 0.0009510125939901875 -0.5186310341385095 -0.010395683369891216 0.9999324711448554 -0.005194508391046642 -2.098296294247179 -0.0010049752018870995 0.005184338648482228 0.9999860562315971 119.89127697111144
121.0 0.999940979622496 0.010800389070729891 0.0011785022381357898 -0.5488660683989289 -0.010791999159008046 0.9999179078240317 -0.006907269139808922 -2.1288067423684898 -0.0012530066864488566 0.0068941430750112135 0.9999754500814044 120.89035402282401
122.0 0.9999318752919277 0.011593794788172516 0.001352293451922686 -0.5370362372452926 -0.011581424928811491 0.9998940149355248 -0.008822102512488788 -2.163790149137185 -0.001454431775144008 0.008805840024232658 0.9999601701116307 121.88967189835
123.0 0.9999571778696317 0.009251134448775072 -0.00024277234836864113 -0.5420734681774693 -0.009253477274831277 0.9998759678179885 -0.012744494433745071 -2.192091016160256 0.00012484120529627203 0.012746195175748832 0.999918756161328 122.88925865658076
124.0 0.9999554710836962 0.009362018495623022 -0.0011867853518876714 -0.5332245051005988 -0.009381073663426739 0.9998076953858137 -0.01722114120018014 -2.215056245708075 0.0010253324851566068 0.01723150768223099 0.9998510008177692 123.88895575774905
125.0 0.9999592203681767 0.009028822548802537 -0.00019484365636423636 -0.5769981007545502 -0.009030878185226665 0.9997905468406265 -0.01836588378847758 -2.257488477309713 2.8980540066709863e-05 0.01836689444382161 0.9998313139468179 124.88709571689547
126.0 0.9999566880335146 0.009228331617844624 0.001208284980947541 -0.5970244643539809 -0.009204736077031985 0.9997908835754736 -0.018260940642122463 -2.2918851559909657 -0.0013765503246117928 0.01824902778051521 0.9998325250232024 125.88630330956914
127.0 0.9999448861222211 0.010302383010657284 0.0020212922401320996 -0.6275754815834468 -0.010265984638237332 0.999798338560125 -0.01725954147217407 -2.325553556854311 -0.00219869903026332 0.01723783967682549 0.999848999902412 126.88526931205848
128.0 0.9999482044803663 0.010130343317133994 0.0009820900003163966 -0.6235555722957962 -0.010112741762991671 0.9998123833224366 -0.016520611645836788 -2.3481916869578785 -0.001149265211634958 0.01650982432960793 0.9998630430664401 127.88500495481348
129.0 0.9999439231082291 0.01015514202958055 0.003003952277063092 -0.6480433554087177 -0.010103460666764964 0.9998087203712314 -0.016746425057418093 -2.3784962382126134 -0.003173440007132617 0.016715135656273666 0.9998552562838867 128.88424565787332
130.0 0.9999521316668792 0.009633448299545645 0.0017120305851022672 -0.6369732917816197 -0.009601338955669054 0.9997942880665721 -0.01786605271800591 -2.402353868188292 -0.0018837900951564988 0.01784875971389003 0.9998389235829721 129.88389973163245
131.0 0.9999735595950323 0.007258679853250131 0.0004378100376597931 -0.6271998419171941 -0.007250164272314776 0.9998284524944624 -0.01704408110052204 -2.4406342591552685 -0.0005614524605415971 0.01704045625341954 0.9998546432466136 130.88311897251265
132.0 0.9999808455113103 0.006162488790561731 0.0005764914497064467 -0.6484580448065086 -0.006152943201970673 0.9998638993832992 -0.015307645148277024 -2.4741321619710606 -0.0006707461805009824 0.01530380481901188 0.9998826649450557 131.88233165223443
133.0 0.9999710780313534 0.00749959682883836 -0.001264574322826238 -0.6274988599499063 -0.007518444411248112 0.999849672748972 -0.015623856675499332 -2.4896345349965374 0.0011472115968665395 0.015632912434553666 0.9998771404299472 132.8819917889813
134.0 0.9999666947892456 0.007941060407189596 0.0018838449725638105 -0.6636811214487657 -0.007907544682263883 0.9998211914977384 -0.01717718746328321 -2.515806385742165 -0.0020199132083375563 0.017161718785136774 0.9998506865322307 133.8809942305105
135.0 0.9999518987997705 0.009646989997483863 0.0017707825166707071 -0.6590035703892542 -0.00961297362397568 0.9997862132936622 -0.01830624063079741 -2.548939999332043 -0.0019470040671657025 0.018288337593022026 0.9998308586372242 134.88043421578558
136.0 0.9999496016274336 0.009929077653148079 0.001485806883256584 -0.6610081275610664 -0.009900482685200423 0.9997862096881035 -0.018152557949334895 -2.58390767870558 -0.0016657273896217347 0.01813693288463267 0.999834124751603 135.87982064912845
137.0 0.9999433349244102 0.010578750985326983 0.0011903645821357556 -0.6686605575726545 -0.010553818480667892 0.9997580784085176 -0.019297708993395103 -2.6015337958998153 -0.0013942222652699326 0.01928405259552818 0.9998130732590816 136.87963601223683
138.0 0.999934679771792 0.01134384690152206 -0.00139761481007274 -0.6219852577372935 -0.011370667400725516 0.9997154836698589 -0.020968062228311463 -2.631015427333482 0.0011593586780966393 0.020982584402858856 0.9997791691364822 137.87811097426308
139.0 0.999936112570128 0.011173571052061468 -0.0017094116190585224 -0.632047997222567 -0.011205994500565045 0.9997309852593069 -0.02030721053512478 -2.678243605838153 0.001482047702351836 0.02032506881683577 0.9997923259918536 138.8769444140463
140.0 0.9999231028663379 0.01103405344027026 -0.005660213673569158 -0.6032712827088518 -0.011140720778105724 0.9997541080908385 -0.019173098238014233 -2.714217739234277 0.005447264882249069 0.019234682741795524 0.9998001571739864 139.8758827316757
141.0 0.9999076079884691 0.011001209975951014 -0.007984288687280962 -0.6027342884827266 -0.01115020340262085 0.9997599086105888 -0.01886261114046237 -2.753389792613372 0.007774860182465846 0.018949894828762536 0.9997902045104883 140.87511506795752
142.0 0.9999082083742413 0.011936330040349143 -0.006410838555292765 -0.6348013743638794 -0.012046248445103967 0.9997762146121224 -0.017389899202224 -2.796809154631592 0.006201832327053975 0.017465529509080664 0.9998282315251741 141.87365723582275
143.0 0.99990390670755 0.012225367118905367 -0.006535881714624944 -0.6213626451210993 -0.012334602757885888 0.9997803775209465 -0.01694267685131441 -2.8250890208871544 0.006327315843595739 0.017021666278332976 0.9998351003797212 142.87316694048843
144.0 0.9998860635945395 0.012981972823243726 -0.007702480836272818 -0.61302426943374 -0.013103961311867723 0.9997860511224839 -0.016004317506718154 -2.874841854988893 0.007493065284217119 0.01610342704319123 0.9998422543632136 143.87189369340427
145.0 0.9998751116383638 0.015193095695732267 -0.004350973379655581 -0.7133223918197726 -0.015270722473514443 0.9997140557968575 -0.01840140422205329 -2.876308778187772 0.004070154948758365 0.018465548607796405 0.9998212126942035 144.86685004158352
146.0 0.9998621939483268 0.015661794585976663 -0.0055046619500416045 -0.6865367956446191 -0.015758141085030437 0.9997152666241951 -0.017918333294958393 -2.913470227592712 0.005222461333673445 0.01800260727982654 0.9998243005792309 145.865800269831
147.0 0.999852552395229 0.016183439375594348 -0.005741929877763813 -0.696057119983055 -0.01629305385199871 0.9996753966325808 -0.019586673114099888 -2.952798042190992 0.005423086291078567 0.01967733867877451 0.9997916745390525 146.8649812776686
148.0 0.9998888495451864 0.014108854387509872 -0.0048196247856558865 -0.7317213440119029 -0.01420624556315552 0.9996825352280365 -0.020808924697241674 -2.995597881004441 0.0045245046360585595 0.020875080549022696 0.9997718539096168 147.86342819008908
149.0 0.9999032984115681 0.012417294498163214 -0.006261359517787429 -0.6808751236502636 -0.012550542198713781 0.9996855130914429 -0.021710799285789544 -3.018951052651188 0.00598980101366733 0.021787283273859794 0.999744685692984 148.86186160862482
150.0 0.9998735482906029 0.013847938414317853 -0.007818057970558595 -0.6853709350644125 -0.013998172928609843 0.9997118527361618 -0.01950032444609729 -3.0483700919533234 0.007545765926557263 0.019607297124173063 0.9997792833001033 149.8614186644282
151.0 0.9998567136139369 0.012705567839936796 -0.011185740342123692 -0.674949521551319 -0.012881817197759904 0.999791742509242 -0.015828152009277906 -3.089195782306176 0.010982305168773228 0.015969976712885296 0.9998121567659463 150.8605305986716
152.0 0.9998532014422883 0.013250751991257808 -0.010862464603955305 -0.6981656842699746 -0.013421352630432907 0.9997853112303025 -0.015786029954022333 -3.1284937905668526 0.01065095578694645 0.015929501555476375 0.9998163872036816 151.85948839374373
153.0 0.9997935356952962 0.016585981881732475 -0.011738449084794699 -0.697869607780318 -0.01681970943090115 0.999656467775392 -0.020100841014703823 -3.15019423714314 0.01140102436438986 0.020294128211313423 0.9997290457937033 152.85925286748596
154.0 0.9997602024970473 0.01743696377905916 -0.013247256215150162 -0.7359940561226963 -0.01772118105601654 0.9996085579485664 -0.021649263682163168 -3.1897768465852088 0.012864573255332403 0.021878829268673565 0.999677857904632 153.85774159725128
155.0 0.9997480085278008 0.015647433024982706 -0.01609587787057444 -0.7312684943672656 -0.015978354161483722 0.9996592738946176 -0.02064045335715672 -3.235908066401235 0.01576742347328362 0.020892437776082445 0.999657388509078 154.85666580840265
156.0 0.9997870934065133 0.01322075807484193 -0.015842329805973183 -0.7365403934639666 -0.013514990253631048 0.9997354401396665 -0.01861168362089816 -3.284884493370196 0.015592077994895063 0.018821830003659983 0.9997012682892414 155.85545182987136
157.0 0.9997326830219475 0.01494551132902611 -0.017640696949135212 -0.7112596755901385 -0.01524839316018693 0.9997364462837037 -0.01716171547591763 -3.30971829340094 0.017379557064825392 0.01742612014069661 0.9996970947907552 156.85482371644804
158.0 0.9997205804718359 0.017008904422691207 -0.0164151805166323 -0.7387455957846332 -0.01728095427418397 0.999713261009897 -0.016576018229491226 -3.3392913839396527 0.016128533734574426 0.0168550565502072 0.9997278517017844 157.85400836230036
159.0 0.9997600081328832 0.015918629426894138 -0.015050693515749024 -0.7592183333214612 -0.016183916245471414 0.9997128518034669 -0.01767186447300279 -3.381974476921154 0.014765059874421392 0.0179112025325457 0.9997305546149654 158.85288724414303
160.0 0.9998076011012947 0.013860364728557817 -0.013879880030597452 -0.7844950031288654 -0.01412951815761629 0.9997103026981193 -0.019485055706399936 -3.407879911597808 0.01360578908795521 0.01967742282005677 0.9997137998119554 159.85223202869824
