0.000000000000000000e+00 1.000000000000000000e+00 0.000000000000000000e+00 0.000000000000000000e+00 0.000000000000000000e+00 0.000000000000000000e+00 1.000000000000000000e+00 0.000000000000000000e+00 0.000000000000000000e+00 0.000000000000000000e+00 0.000000000000000000e+00 1.000000000000000000e+00 0.000000000000000000e+00
1.000000000000000000e+00 9.999989849303723144e-01 8.747092806966660960e-04 1.124731923247116036e-03 1.006603294764273938e-02 -8.734123212301056179e-04 9.999989537525454386e-01 -1.153102220757427562e-03 -4.769003189793905376e-03 -1.125739375713296579e-03 1.152118695558530196e-03 9.999987026658432310e-01 9.999379638703957962e-01
2.000000000000000000e+00 9.999994678591175301e-01 -5.551770518021734591e-04 8.695170633348925501e-04 4.247134072546387279e-02 5.551240055003027344e-04 9.999998440430727387e-01 6.124678270325690588e-05 -2.718230254788280703e-02 -8.695509305359735465e-04 -6.076406031636385856e-05 9.999996200943820357e-01 1.999161432389680471e+00
3.000000000000000000e+00 9.999997896790153717e-01 4.897712301758969621e-04 4.251659301504323433e-04 7.855232696198577447e-02 -4.901657646428936874e-04 9.999994489550896315e-01 9.283464010049793632e-04 -3.348827490610001983e-02 -4.247110185061112281e-04 -9.285546075375741230e-04 9.999994787033097410e-01 2.998490405823762917e+00
4.000000000000000000e+00 9.999994337695694568e-01 1.043124310328614242e-03 2.105996554026438124e-04 8.384548364800481490e-02 -1.043345087561303904e-03 9.999989034640942576e-01 1.050952728203534544e-03 -4.859176945564917804e-02 -2.095031501328157826e-04 -1.051171861238097164e-03 9.999994255729088843e-01 3.998362331094539091e+00
5.000000000000000000e+00 9.999988246524592617e-01 1.109304496412685023e-03 1.058365359898805766e-03 6.407779266017192554e-02 -1.111306925452434794e-03 9.999975902157822727e-01 1.893293306995437854e-03 -7.837485703935428982e-02 -1.056262570688109919e-03 -1.894467250471656592e-03 9.999976476488423582e-01 4.997723229912874210e+00
6.000000000000000000e+00 9.999888999891731745e-01 1.153883749196336992e-03 4.568199944992687618e-03 3.834124898498008499e-02 -1.154174556809449241e-03 9.999993320783974182e-01 6.102337246872121184e-05 -8.932546204771150966e-02 -4.568126479915378749e-03 -6.629519525529478988e-05 9.999895638582487756e-01 5.997332010671430069e+00
7.000000000000000000e+00 9.999990758166856786e-01 -3.866420140516541840e-04 1.303408504002981751e-03 7.325932499922037378e-02 3.874669581658531309e-04 9.999997247674327072e-01 -6.327198554876234610e-04 -9.644821081237305027e-02 -1.303163509183210547e-03 6.332242984670448556e-04 9.999989503953773395e-01 6.996696806137779667e+00
8.000000000000000000e+00 9.999955411756519252e-01 -2.970860783429683620e-03 -3.026797315063844171e-04 9.674879529922658650e-02 2.971181305188386537e-03 9.999950199182827681e-01 1.064058404159457525e-03 -1.256392993952434867e-01 2.995170547530545332e-04 -1.064952976070097229e-03 9.999993880821592684e-01 7.995994622172805322e+00
9.000000000000000000e+00 9.999851861303711287e-01 -5.434065450599274115e-03 -3.137713896185630137e-04 5.555327587863870958e-02 5.434826434470280306e-03 9.999821618684053837e-01 2.477621161580973157e-03 -1.649282534127641808e-01 3.003022369700622377e-04 -2.479289751467223055e-03 9.999968814655849636e-01 8.994372960916129145e+00
1.000000000000000000e+01 9.999704281280668017e-01 -7.671625133751321275e-03 -5.376217783552104251e-04 4.197363738864508254e-02 7.672359666106381114e-03 9.999696178422613491e-01 1.377784293265977645e-03 -1.747703792245622889e-01 5.270355996330761822e-04 -1.381868377253629449e-03 9.999989063360343877e-01 9.994232314014347196e+00
1.100000000000000000e+01 9.999568320005702837e-01 -8.579844163428048537e-03 -3.566568310491528750e-03 6.412888950901110552e-02 8.582665402503743615e-03 9.999628667836139018e-01 7.764718207104549319e-04 -1.913649453851138382e-01 3.559773865120345604e-03 -8.070489644199145768e-04 9.999933383188100988e-01 1.099384912318545382e+01
1.200000000000000000e+01 9.999563907399346974e-01 -9.041778440760499594e-03 -2.337276404453191968e-03 3.894679078556963908e-02 9.043684188645300520e-03 9.999587801462892500e-01 8.060922060592483384e-04 -2.140071057037146451e-01 2.329891555132339569e-03 -8.271946426385099610e-04 9.999969436725117955e-01 1.199327555593575312e+01
1.300000000000000000e+01 9.999709115469740395e-01 -6.494036127337607378e-03 -4.000444311637441248e-03 1.483458072004177966e-02 6.499822929711650266e-03 9.999778459471404535e-01 1.435241026180000953e-03 -2.493920365563906394e-01 3.991035178507898115e-03 -1.461201456905074185e-03 9.999909682234667807e-01 1.299235838933562093e+01
1.400000000000000000e+01 9.999695068772480600e-01 -6.732824263195497615e-03 -3.956563295842612307e-03 1.144014452486008526e-02 6.741197182490668398e-03 9.999750587308283700e-01 2.106698086220896039e-03 -2.719249208504836979e-01 3.942280586142966024e-03 -2.133305819760258643e-03 9.999899536645653342e-01 1.399209872908805252e+01
1.500000000000000000e+01 9.999710329757693916e-01 -6.205838328460127132e-03 -4.406901407303233202e-03 -9.636036747010162662e-03 6.217198620695925382e-03 9.999773735008733455e-01 2.568837793472291374e-03 -2.773945969601204209e-01 4.390859902514708361e-03 -2.596161963237138097e-03 9.999869900615594442e-01 1.499186163959546469e+01
1.600000000000000000e+01 9.999684307406264683e-01 -5.996987531453707061e-03 -5.212836337039904872e-03 2.894446493993037273e-02 5.999387815276021295e-03 9.999819045228394154e-01 4.449412550636096318e-04 -2.681858233434019634e-01 5.210073701120825421e-03 -4.762010354016142470e-04 9.999863140886495749e-01 1.599107470164882905e+01
1.700000000000000000e+01 9.999770742124842737e-01 -4.862017224036022101e-03 -4.712943661164255109e-03 6.681029183470063582e-03 4.861274572541544187e-03 9.999881696509456130e-01 -1.690197761269636846e-04 -2.892665420990851999e-01 4.713709682459054501e-03 1.461049880332256654e-04 9.999888797353511105e-01 1.699060456249594964e+01
1.800000000000000000e+01 9.999784054823205315e-01 -5.278304872911694472e-03 -3.915107495930737584e-03 -4.080432932083077890e-02 5.269272248413474011e-03 9.999834402773732922e-01 -2.313858466724630965e-03 -2.791181565647338769e-01 3.927255913257383067e-03 2.293178732788769651e-03 9.999896589426769955e-01 1.798942494224336031e+01
1.900000000000000000e+01 9.999848027279364393e-01 -1.714466793597472453e-03 -5.239743961733859048e-03 -2.748873383672961052e-02 1.702741869472201505e-03 9.999960385411299502e-01 -2.241332678477342411e-03 -2.824344651882191304e-01 5.243565895155214221e-03 2.232376684905440847e-03 9.999837606236612331e-01 1.898933078631770144e+01
2.000000000000000000e+01 9.999846959556757398e-01 -1.735355193878234921e-03 -5.253227273434853822e-03 -6.702494359366888144e-02 1.723640347567329542e-03 9.999960197379509363e-01 -2.233735035870108680e-03 -2.900668849053182896e-01 5.257082687910833059e-03 2.224646176206240399e-03 9.999837068827688302e-01 1.998851977459134943e+01
2.100000000000000000e+01 9.999851377855804024e-01 6.348527547010940648e-06 -5.451987495442942901e-03 -7.920966171894130992e-02 -1.968200430573332008e-05 9.999970094017309741e-01 -2.445567463022504939e-03 -3.150500635171580854e-01 5.451955664987049449e-03 2.445638422515425837e-03 9.999821473567084285e-01 2.098813338665885908e+01
2.200000000000000000e+01 9.999673444457132243e-01 -1.177540043202553004e-03 -7.995213670404078751e-03 -8.464968222990608415e-02 1.163645068722757563e-03 9.999978050864207768e-01 -1.742341096978621212e-03 -3.277936404218980138e-01 7.997247798012509234e-03 1.732980608902967828e-03 9.999665198424729784e-01 2.198803738576302891e+01
2.300000000000000000e+01 9.999503392740893837e-01 -3.682116985461522749e-03 -9.260723521380982010e-03 -9.219368853810044895e-02 3.684190957416694050e-03 9.999931919406960246e-01 2.069039662395220219e-04 -3.496432410895485843e-01 9.259898629218483654e-03 -2.410119650953965978e-04 9.999570971749788262e-01 2.298777019152639411e+01
2.400000000000000000e+01 9.999521168740028720e-01 -4.109122763460567110e-03 -8.881388929473540278e-03 -1.443589875964183533e-01 4.110935245754234260e-03 9.999915328034190143e-01 1.858302372541202683e-04 -3.825264216981459908e-01 8.880550129750461319e-03 -2.223321539033317276e-04 9.999605424204531801e-01 2.398586711968879470e+01
2.500000000000000000e+01 9.999010924579240234e-01 -5.615880797076285361e-03 -1.289446332052083914e-02 -9.425538410116379717e-02 5.620091294360388297e-03 9.999841650179188690e-01 2.903226869586126376e-04 -3.968649019411764067e-01 1.289262871932348939e-02 -3.627620329087786555e-04 9.999168208048173634e-01 2.498450821482813922e+01
2.600000000000000000e+01 9.998572742890727838e-01 -7.723006447535434200e-03 -1.502618456688157959e-02 -1.418366605809711634e-01 7.733953922958581098e-03 9.999698676813930653e-01 6.705862952597569987e-04 -4.402563804695516780e-01 1.502055285081972148e-02 -7.867024044324737479e-04 9.998868756471318564e-01 2.598243266172763910e+01
2.700000000000000000e+01 9.998804749405071357e-01 -6.778916688080342985e-03 -1.389539928473673344e-02 -1.692644573475584890e-01 6.790028852355142232e-03 9.999766642188816501e-01 7.526791258417335397e-04 -4.504644858720794898e-01 1.388997267565433499e-02 -8.469393238831287619e-04 9.999031709884970143e-01 2.698200432526588699e+01
2.800000000000000000e+01 9.998701146090390734e-01 -7.688056167471378315e-03 -1.416501691044115378e-02 -1.948312798105656940e-01 7.712068747943418880e-03 9.999689144844439159e-01 1.641359325069581933e-03 -4.622922856568532080e-01 1.415195772090629793e-02 -1.750387720701378083e-03 9.998983239487367891e-01 2.798160746688829903e+01
2.900000000000000000e+01 9.999002498283225959e-01 -7.972944217295890521e-03 -1.165858283697491019e-02 -2.734344899072163049e-01 7.994332096057720632e-03 9.999664443847383621e-01 1.789066484482371069e-03 -4.946240873294915352e-01 1.164392749877378452e-02 -1.882090607761890619e-03 9.999304359240934748e-01 2.897798901527380622e+01
3.000000000000000000e+01 9.998762392507086760e-01 -8.774425958383581456e-03 -1.305816338391293727e-02 -2.686294529464821612e-01 8.800692394867767540e-03 9.999593613006150239e-01 1.955392707684897903e-03 -5.193794338214474671e-01 1.304047526860436894e-02 -2.070071586002259021e-03 9.999128266045982372e-01 2.997767100692908571e+01
3.100000000000000000e+01 9.998543777979786995e-01 -8.359753403383258369e-03 -1.487742320604707770e-02 -2.225858574506330012e-01 8.354929884682513533e-03 9.999650223314235920e-01 -3.863422600775116866e-04 -4.775808976408221218e-01 1.488013255449302172e-02 2.619861723149490614e-04 9.998892503764631456e-01 3.097573556881221890e+01
3.200000000000000000e+01 9.998093170181778788e-01 -7.671032127850673996e-03 -1.795786372981829013e-02 -1.526139196314929558e-01 7.687802517307477761e-03 9.999700742635317940e-01 8.650259222143371826e-04 -4.911943721501369486e-01 1.795069068588058328e-02 -1.002917486480337005e-03 9.998383703681381629e-01 3.197319163362390526e+01
3.300000000000000000e+01 9.997298205721532049e-01 -8.013060065821068015e-03 -2.181918255004454410e-02 -1.085605378192991965e-01 8.103529448826774298e-03 9.999589194297897610e-01 4.061066766728676537e-03 -5.542998311580786819e-01 2.178574463365130082e-02 -4.236781938377434144e-03 9.997536851692835347e-01 3.297022573564564851e+01
3.400000000000000000e+01 9.998149767018871259e-01 -4.901501004655472137e-03 -1.860074327836973296e-02 -1.983958455243808872e-01 4.950586978187396410e-03 9.999843818308910004e-01 2.593796997763722981e-03 -5.064381645926469000e-01 1.858773927022589964e-02 -2.685401682347610727e-03 9.998236267295473878e-01 3.396503168575004850e+01
3.500000000000000000e+01 9.998573380287261170e-01 -2.372336308657958196e-03 -1.672350473288054459e-02 -2.579576600873448311e-01 2.412036143691674225e-03 9.999943200747825056e-01 2.354124002279002047e-03 -5.266241125258045441e-01 1.671782497077904661e-02 -2.394125856173793306e-03 9.998573810747360957e-01 3.496305218541526472e+01
3.600000000000000000e+01 9.998434202616212074e-01 -1.925827097765528059e-03 -1.759051305493752881e-02 -2.659808901814462168e-01 1.949929665389361000e-03 9.999971833703582558e-01 1.353153965017775059e-03 -5.221090268244497068e-01 1.758785756840421793e-02 -1.387242351759863978e-03 9.998443593003911722e-01 3.596300980540721781e+01
3.700000000000000000e+01 9.998485941532531118e-01 2.157781784950918175e-03 -1.726652100267520723e-02 -2.527280419545832046e-01 -2.146888783961660354e-03 9.999974845804840973e-01 6.493852915563551667e-04 -4.954409860401551291e-01 1.726787880188528773e-02 -6.122176705484334803e-04 9.998507116320943799e-01 3.696256629586416409e+01
3.800000000000000000e+01 9.998743344180406334e-01 2.223211313907882004e-03 -1.569626399936097788e-02 -2.875002408915531271e-01 -2.178791595927791723e-03 9.999935751648604265e-01 2.846488395465569463e-03 -4.907284957955452276e-01 1.570249149865861338e-02 -2.811931801756238809e-03 9.998727543044041433e-01 3.796195044953920927e+01
3.900000000000000000e+01 9.998943983221462162e-01 4.115400000231980195e-03 -1.393756387734144953e-02 -3.174643516452785308e-01 -4.033906968240284253e-03 9.999746345494973099e-01 5.870081104532185942e-03 -5.070366115258482242e-01 1.396136807653419049e-02 -5.813238378073998409e-03 9.998856366910113813e-01 3.896136837885009641e+01
4.000000000000000000e+01 9.998844317518460478e-01 5.166389403957156318e-03 -1.429795652601792942e-02 -3.145779944760485058e-01 -5.045798493867268905e-03 9.999515049976459569e-01 8.457397383570798566e-03 -5.088261603556466506e-01 1.434095735481065448e-02 -8.384275369467607611e-03 9.998620109138434131e-01 3.996136261206210349e+01
4.100000000000000000e+01 9.998526102629066159e-01 4.631581442994363480e-03 -1.653197519338590188e-02 -2.793379249913023332e-01 -4.476802956375830304e-03 9.999459185286257989e-01 9.387132322197126039e-03 -5.067627684820886769e-01 1.657455838770970427e-02 -9.311738359812339605e-03 9.998192714400785386e-01 4.096073935779750741e+01
4.200000000000000000e+01 9.998518860160039434e-01 1.017969290530253200e-04 -1.721033606964589638e-02 -2.753511477770092530e-01 3.707797265563823950e-05 9.999674463271416291e-01 8.068761441607581048e-03 -5.232723813798760837e-01 1.721059718513228212e-02 -8.068204469575460808e-03 9.998193333903715452e-01 4.196059511653944440e+01
4.300000000000000000e+01 9.998597753543033706e-01 -5.505584587466827136e-04 -1.673698042750589032e-02 -2.872255676920714151e-01 6.577984962836270610e-04 9.999792871711222775e-01 6.402540892053749412e-03 -5.427656097956333747e-01 1.673310878424933909e-02 -6.412652658583876258e-03 9.998394275863967673e-01 4.296033458870087429e+01
4.400000000000000000e+01 9.998421033858293505e-01 1.344807728814172805e-03 -1.771891049635241147e-02 -2.658585372004722558e-01 -1.252712017261219590e-03 9.999856553455546138e-01 5.207668933927476519e-03 -5.425063913238162838e-01 1.772565963813620138e-02 -5.184649968524257697e-03 9.998294456531550134e-01 4.396010625403939542e+01
4.500000000000000000e+01 9.998082242552255305e-01 1.779144009714648438e-04 -1.958272345929443561e-02 -2.489989501844968034e-01 -9.621193653682423835e-05 9.999912882284127669e-01 4.173033733977015054e-03 -5.412278987680017028e-01 1.958329530187796069e-02 -4.170349355578739474e-03 9.997995312718297445e-01 4.495996330371321648e+01
4.600000000000000000e+01 9.998395809524134314e-01 7.172780095577862972e-05 -1.791109198316943180e-02 -2.976997638652015277e-01 -3.040976721379572495e-05 9.999973381736203537e-01 2.307102278174699966e-03 -5.439041741809911290e-01 1.791120979032565300e-02 -2.306187502887518861e-03 9.998369217342631954e-01 4.595877312960438843e+01
4.700000000000000000e+01 9.997800673986785291e-01 2.140829175380693384e-03 -2.086225497735832296e-02 -3.128626460341588644e-01 -2.115794285928076189e-03 9.999970150516932499e-01 1.222007465405869657e-03 -5.312099913536434403e-01 2.086480881384046582e-02 -1.177598466253231739e-03 9.997816126609916365e-01 4.695857758284846284e+01
4.800000000000000000e+01 9.997832542687934421e-01 1.772632964511992090e-03 -2.074372811426295274e-02 -3.640097265276788785e-01 -1.705904088330534567e-03 9.999933153024781474e-01 3.234075076757431891e-03 -5.673921540657702600e-01 2.074932227680612029e-02 -3.197987294193520031e-03 9.997795949619688871e-01 4.795661306681607527e+01
4.900000000000000000e+01 9.998216773755235209e-01 2.508161149645110610e-03 -1.871690619856761911e-02 -4.042860604476422037e-01 -2.464556556749743221e-03 9.999941960868807822e-01 2.352393150361003094e-03 -5.688169083128381542e-01 1.872269774837900108e-02 -2.305844791547652980e-03 9.998220560023765024e-01 4.895580063029017026e+01
5.000000000000000000e+01 9.998533593553082799e-01 3.445244986908365878e-03 -1.677468547809312857e-02 -4.534607264315964059e-01 -3.393106001793137153e-03 9.999893271636819403e-01 3.135664266124533247e-03 -5.909270735694144294e-01 1.678530957621472697e-02 -3.078286164321874640e-03 9.998543781655007123e-01 4.995434606882448492e+01
5.100000000000000000e+01 9.998418920715577141e-01 4.019610936509401128e-03 -1.732147761281251780e-02 -4.707415576353983777e-01 -3.977998631866604129e-03 9.999891203178538079e-01 2.436138914807044371e-03 -5.829245875848750869e-01 1.733108149126710851e-02 -2.366848927684923626e-03 9.998470041163775024e-01 5.095416471892608001e+01
5.200000000000000000e+01 9.998896396479832749e-01 3.146681110900889731e-03 -1.451919152765070165e-02 -5.317456190464261434e-01 -3.108798341617516250e-03 9.999917066136215782e-01 2.630984008015437980e-03 -6.183005029397966590e-01 1.452734998206706499e-02 -2.585556413152133737e-03 9.998911295738810434e-01 5.195167514448771584e+01
5.300000000000000000e+01 9.998698114824675631e-01 2.781545349994803823e-03 -1.589412128695488063e-02 -5.698488717791027058e-01 -2.747360411931350482e-03 9.999938667133388970e-01 2.172221553001353264e-03 -6.372390303687499591e-01 1.590006593651317399e-02 -2.128271875092175094e-03 9.998713209018644799e-01 5.295076947152095670e+01
5.400000000000000000e+01 9.999047537710350486e-01 2.004617415153675530e-03 -1.365521494187878562e-02 -6.763453934713485882e-01 -1.939680941476302134e-03 9.999867564948525800e-01 4.767019273328544637e-03 -6.739027221721810568e-01 1.366459014882333636e-02 -4.740078472545757732e-03 9.998953998454728209e-01 5.394440635920719274e+01
5.500000000000000000e+01 9.998516573231909232e-01 3.342517847198282592e-03 -1.689647663017825388e-02 -6.588926736037886700e-01 -3.233737099853124016e-03 9.999738969348932471e-01 6.461299653693955078e-03 -6.758744029433367828e-01 1.691763258975747392e-02 -6.405702403872778200e-03 9.998363669542484899e-01 5.494425210483206712e+01
5.600000000000000000e+01 9.998696396545820875e-01 5.829085803331363579e-03 -1.505740534481559041e-02 -7.279387139211462854e-01 -5.759743954841892513e-03 9.999726269149203928e-01 4.644434352077665869e-03 -6.803963557071800450e-01 1.508406598352440148e-02 -4.557102102601765133e-03 9.998758441795817520e-01 5.594185533069879313e+01
5.700000000000000000e+01 9.998423005343748393e-01 5.725820512969941219e-03 -1.681038493271792486e-02 -7.420239182433017167e-01 -5.666740686768087683e-03 9.999776069151784519e-01 3.560016598796177188e-03 -7.109188605082381596e-01 1.683039251241034637e-02 -3.464195093823395875e-03 9.998523577209937896e-01 5.694129016285138079e+01
5.800000000000000000e+01 9.997963971659361571e-01 8.629751327668244709e-03 -1.823983569114897771e-02 -7.410609866491868480e-01 -8.564194018145317513e-03 9.999565946688503404e-01 3.669245031184136668e-03 -7.203678941135647218e-01 1.827070865722028523e-02 -3.512288470779743876e-03 9.998269075369300429e-01 5.794124505609740794e+01
5.900000000000000000e+01 9.997608940440532166e-01 1.261959243441061057e-02 -1.785778897368732118e-02 -7.662353570075716158e-01 -1.258543442759705103e-02 9.999187520832818477e-01 2.023875609590267220e-03 -7.138910257675771254e-01 1.788187855086729658e-02 -1.798643656728657943e-03 9.998384886072787525e-01 5.894090714963375888e+01
6.000000000000000000e+01 9.997124365985728955e-01 1.490097197437137248e-02 -1.878843113106347731e-02 -7.771736349434940072e-01 -1.486383874457902071e-02 9.998872912513288025e-01 2.114495650781970937e-03 -7.231622381036046932e-01 1.881782155093373460e-02 -1.834619388625516323e-03 9.998212459053742451e-01 5.994080434369803356e+01
6.100000000000000000e+01 9.996551163000697571e-01 1.447250428227786143e-02 -2.191335380304512345e-02 -7.630680678500453284e-01 -1.439230760474342723e-02 9.998891550213401258e-01 3.813024065197244232e-03 -7.507389471149011895e-01 2.196610882492267686e-02 -3.496325286765630553e-03 9.997526022834747339e-01 6.094032450762524178e+01
6.200000000000000000e+01 9.996582522609845922e-01 1.661731092403987212e-02 -2.018027909048669688e-02 -7.906642637842403731e-01 -1.654152801999433930e-02 9.998555092289467261e-01 3.916441661662026924e-03 -7.499632947969446795e-01 2.024244395520873388e-02 -3.581290574553467297e-03 9.997886865835899917e-01 6.193994335915488136e+01
6.300000000000000000e+01 9.997319648505766931e-01 1.518673859667668373e-02 -1.747459375217283103e-02 -8.064807520017982512e-01 -1.516224795011756471e-02 9.998838711125810352e-01 1.533142530994377299e-03 -7.539870332490566929e-01 1.749584788189214452e-02 -1.267777471609873863e-03 9.998461321859356543e-01 6.293981017440045633e+01
6.400000000000000000e+01 9.998449651339320621e-01 1.096494174680148759e-02 -1.377736363810127748e-02 -8.468689322098965633e-01 -1.100352315892517974e-02 9.999357390828701453e-01 -2.727669864035329236e-03 -7.753711169225018240e-01 1.374656955091517301e-02 2.878846519963484604e-03 9.999013671699303885e-01 6.393876538654208730e+01
6.500000000000000000e+01 9.998415896795992408e-01 1.162416728244975057e-02 -1.347866024360845107e-02 -8.413068940146939401e-01 -1.167234253714682750e-02 9.999257468026409024e-01 -3.501042827305535059e-03 -7.920684250656689906e-01 1.343696270250215735e-02 3.657815765294181350e-03 9.999030295069409879e-01 6.493861050636409971e+01
6.600000000000000000e+01 9.998787517221749965e-01 1.054042884078281589e-02 -1.146216447093927927e-02 -8.552127011714255600e-01 -1.055271655143327596e-02 9.999438063646212127e-01 -1.012070363407900240e-03 -8.039064028749119961e-01 1.145085271460151606e-02 1.132904624346467654e-03 9.999337950580631240e-01 6.593844373786258473e+01
6.700000000000000000e+01 9.999153345353691824e-01 9.863605619566532742e-03 -8.487228358195970587e-03 -8.725946127883406067e-01 -9.852852567581647097e-03 9.999506041914429932e-01 1.307850699636226282e-03 -8.312430655727118811e-01 8.499709248199842013e-03 -1.224116560128921680e-03 9.999631275608831249e-01 6.693791888813950663e+01
6.800000000000000000e+01 9.999315966562294378e-01 1.139739287033167577e-02 -2.627060008101297917e-03 -9.210876816518532850e-01 -1.139948504811504927e-02 9.999347173501986763e-01 -7.828016463696810473e-04 -8.485381695211723363e-01 2.617966608760056036e-03 8.126952314017021591e-04 9.999962428815898363e-01 6.793659265952413762e+01
6.900000000000000000e+01 9.999434648997287400e-01 1.053990436522120842e-02 1.406207772429943605e-03 -9.482445951398935646e-01 -1.053331660593250646e-02 9.999338839666876977e-01 -4.612692985305644200e-03 -8.706842132033139059e-01 -1.454732142481514464e-03 4.597620174563081183e-03 9.999883727539652378e-01 6.893597849832666213e+01
7.000000000000000000e+01 9.999643774437095844e-01 6.373395157529498575e-03 5.533866440581216607e-03 -9.433540448725509231e-01 -6.330755193076863067e-03 9.999503999259994336e-01 -7.688902816525017801e-03 -8.966056869161329601e-01 -5.582596376374056486e-03 7.653595364443744296e-03 9.999551275410787365e-01 6.993563051764070337e+01
7.100000000000000000e+01 9.998994393761221344e-01 7.239340836954575448e-03 1.219438721564746267e-02 -9.674290905812449326e-01 -7.127777050291347546e-03 9.999325733021211526e-01 -9.167532040979479296e-03 -9.219566416964747324e-01 -1.225993187746342479e-02 9.079691274898564826e-03 9.998836198661881225e-01 7.093501919141374401e+01
7.200000000000000000e+01 9.998663108200025462e-01 6.069312547086065136e-03 1.518301460196998416e-02 -9.349804074275525068e-01 -5.958075196498132178e-03 9.999551577229627286e-01 -7.360970262285245272e-03 -9.566884462091094221e-01 -1.522700979019431071e-02 7.269524637497015544e-03 9.998576359584363527e-01 7.193388894504376196e+01
7.300000000000000000e+01 9.997655259369128133e-01 7.143541019989789985e-03 2.044169684207693474e-02 -9.487477309721096264e-01 -6.994784006714455799e-03 9.999486017262690929e-01 -7.339407495395352393e-03 -9.749447226497063301e-01 -2.049307553265260901e-02 7.194701340556368223e-03 9.997641072412191132e-01 7.293362749545228496e+01
7.400000000000000000e+01 9.996585575613307073e-01 8.250151916131697252e-03 2.479321051739901208e-02 -9.062317839084955695e-01 -7.960824545107776651e-03 9.998993261960955614e-01 -1.174575434618346965e-02 -9.668756598897263466e-01 -2.488761874831048326e-02 1.154436944833472749e-02 9.996235961436074069e-01 7.393269069889412037e+01
7.500000000000000000e+01 9.995821534532828290e-01 6.769564553916894607e-03 2.810145002393615171e-02 -8.808391162004561847e-01 -6.389118934243838595e-03 9.998870205432122127e-01 -1.360607615980736866e-02 -1.004147929544015883e+00 -2.819038234826651626e-02 1.342084740144014292e-02 9.995124727576362167e-01 7.493167317638884128e+01
7.600000000000000000e+01 9.994593660427906201e-01 6.893620380755056433e-03 3.214737356906346988e-02 -8.496671082470714786e-01 -6.442581698697463777e-03 9.998796525914532829e-01 -1.411288328637334659e-02 -1.028168949470975146e+00 -3.224079357581664806e-02 1.389814130181535323e-02 9.993834964106398377e-01 7.593089852460705913e+01
7.700000000000000000e+01 9.993146285289097319e-01 6.379006066901918466e-03 3.646342674141363205e-02 -8.489044118478148437e-01 -5.923229845576848465e-03 9.999031493856683772e-01 -1.259393492208680729e-02 -1.063139901967289580e+00 -3.654023202340691417e-02 1.236932214083365233e-02 9.992556286123441822e-01 7.693028656274624666e+01
7.800000000000000000e+01 9.992579881069929559e-01 7.444357719448024130e-03 3.778961156866162546e-02 -8.274726101830262026e-01 -6.980262160476879280e-03 9.998987757280648481e-01 -1.239815460831502486e-02 -1.079735974061129200e+00 -3.787808264070884751e-02 1.212517363445042573e-02 9.992088025131671269e-01 7.792991911937315308e+01
7.900000000000000000e+01 9.991294162670677492e-01 5.976107332999528593e-03 4.128796060564902254e-02 -8.086145087845303392e-01 -5.557442118394064628e-03 9.999320497352346404e-01 -1.024747526941186329e-02 -1.118591531978316844e+00 -4.134639508989625817e-02 1.000909853288416834e-02 9.990947370292911911e-01 7.892898599282587213e+01
8.000000000000000000e+01 9.989496080577344728e-01 5.138081289045717120e-03 4.553329201767274126e-02 -7.766210452170840828e-01 -4.713827616002538336e-03 9.999445209260423573e-01 -9.419920339296184927e-03 -1.140761740993726736e+00 -4.557916618923672086e-02 9.195389641512530590e-03 9.989184072880196164e-01 7.992822815572792194e+01
8.100000000000000000e+01 9.989216414741249883e-01 4.472195506304319640e-03 4.621205104725286533e-02 -7.332814340863998970e-01 -3.983655689240169287e-03 9.999352624992188243e-01 -1.065839096545076296e-02 -1.170355741942724181e+00 -4.625672580274194090e-02 1.046280449861319330e-02 9.988747894706486719e-01 8.092685014287565082e+01
8.200000000000000000e+01 9.986759734725372262e-01 2.575007152911654076e-03 5.137771254973924617e-02 -7.113993551339777843e-01 -1.878407655273980383e-03 9.999057230477680358e-01 -1.360208076013447349e-02 -1.196029483275480976e+00 -5.140789427083929802e-02 1.348756295581285576e-02 9.985866582586362394e-01 8.192628099772589678e+01
8.300000000000000000e+01 9.986973109497317980e-01 2.833969985795826031e-03 5.094751923200037391e-02 -6.470328650013605909e-01 -2.039880157726809903e-03 9.998757371113262682e-01 -1.563167377566044777e-02 -1.236252558669385992e+00 -5.098548804039786109e-02 1.550738373182614961e-02 9.985789908961013595e-01 8.292339636675491477e+01
8.400000000000000000e+01 9.986140086328458843e-01 2.066972041565324786e-03 5.259077284864833307e-02 -6.222285366396150819e-01 -1.244480819977250661e-03 9.998764842695226918e-01 -1.566740158140014078e-02 -1.279576705109049195e+00 -5.261666114195630989e-02 1.558023848994204673e-02 9.984932364011630535e-01 8.392214947119553869e+01
8.500000000000000000e+01 9.986661757787982374e-01 2.686015068242882196e-03 5.156214384996222339e-02 -5.513206199629766546e-01 -1.930094520845859534e-03 9.998900190189868864e-01 -1.470457756466839010e-02 -1.315187895812029106e+00 -5.159596971170934965e-02 1.458544443161960413e-02 9.985615257560449542e-01 8.491899645566672916e+01
8.600000000000000000e+01 9.986135859079162680e-01 3.072507051414154547e-03 5.254965024195209361e-02 -5.581870358909021279e-01 -2.428848251979048248e-03 9.999213030473250718e-01 -1.230806273600492523e-02 -1.359715824362698333e+00 -5.258333135415956677e-02 1.216336353824661737e-02 9.985424607151843768e-01 8.591798099804528022e+01
8.700000000000000000e+01 9.987607287162425518e-01 2.437905070847579733e-03 4.970979172221309805e-02 -4.738236342368889464e-01 -1.867287006210768688e-03 9.999318737775609867e-01 -1.152219783449142526e-02 -1.362570750216081761e+00 -4.973449520641286953e-02 1.141509625742243537e-02 9.986972391891336676e-01 8.691441196196588237e+01
8.800000000000000000e+01 9.988434517074255004e-01 3.905667290878702454e-03 4.792186081746829113e-02 -4.395987305826272173e-01 -3.394994963711860016e-03 9.999366350113901847e-01 -1.073312495496780462e-02 -1.371335108629940347e+00 -4.796074426436898464e-02 1.055801710149757017e-02 9.987934197242656076e-01 8.791378768810267275e+01
8.900000000000000000e+01 9.988304391324297482e-01 5.015333231013625187e-03 4.808950296166175642e-02 -4.253977010511049150e-01 -4.492926427835965825e-03 9.999297869017608198e-01 -1.096516660695036165e-02 -1.386855636583645301e+00 -4.814112041313347440e-02 1.073627957841996432e-02 9.987828416758985917e-01 8.891356638560141334e+01
9.000000000000000000e+01 9.989072902913161967e-01 6.753592306279599874e-03 4.624515535514081566e-02 -3.933288849442869162e-01 -6.231754922650300718e-03 9.999153817665830113e-01 -1.141904274351828244e-02 -1.405037912790018106e+00 -4.631836173100793014e-02 1.111837657011308100e-02 9.988648512531622670e-01 8.991288665251560985e+01
9.100000000000000000e+01 9.991715954486348750e-01 7.064292168159224186e-03 4.007765742646337420e-02 -3.430634168781148130e-01 -6.611175908241176229e-03 9.999128513766647464e-01 -1.142724835225529707e-02 -1.439998778055193940e+00 -4.015489013483029834e-02 1.115282152447178918e-02 9.991312222978039337e-01 9.091101045276285220e+01
9.200000000000000000e+01 9.992570706066254971e-01 7.148864582716156144e-03 3.787084073326391770e-02 -3.708787027269087044e-01 -6.760663045917476507e-03 9.999233874022321888e-01 -1.036883605961329453e-02 -1.476832685591117578e+00 -3.794206475464608624e-02 1.010510075306398498e-02 9.992288459912102017e-01 9.190994467138226298e+01
9.300000000000000000e+01 9.994450005477182319e-01 7.052601297108915084e-03 3.255689934740864377e-02 -3.216391416467042075e-01 -6.782327072307664517e-03 9.999416798266806961e-01 -8.404581184398331184e-03 -1.509800370304360539e+00 -3.261427478355863330e-02 8.179105106607678297e-03 9.994345457907678476e-01 9.290818742612144376e+01
9.400000000000000000e+01 9.995575099203399816e-01 7.159941885329085612e-03 2.887073940948184023e-02 -3.340614635327684434e-01 -6.931509498734484895e-03 9.999439388735789080e-01 -8.004579068651712301e-03 -1.537704235142511866e+00 -2.892643320425793835e-02 7.800919317367341517e-03 9.995511028055966696e-01 9.390772084739661807e+01
9.500000000000000000e+01 9.996840530961910165e-01 7.807896814905662848e-03 2.389206421600396577e-02 -2.967878911647081064e-01 -7.617741741374345517e-03 9.999386654252756523e-01 -8.039614311993804538e-03 -1.559498280676818505e+00 -2.395337128538570226e-02 7.855070645875688456e-03 9.996822164414118639e-01 9.490678826273062896e+01
9.600000000000000000e+01 9.997992848713375125e-01 8.509848715210197034e-03 1.813759756991022154e-02 -2.930879842993908135e-01 -8.356608598017553624e-03 9.999288891155478920e-01 -8.507867235183493027e-03 -1.571928272815249272e+00 -1.820870845236572527e-02 8.354590773714080931e-03 9.997993017348539846e-01 9.590670416218648597e+01
9.700000000000000000e+01 9.998238627281330615e-01 1.115726694189617813e-02 1.509168359676724830e-02 -3.313462002672858953e-01 -1.100200543910935698e-02 9.998860954982289329e-01 -1.033208137937174746e-02 -1.570681319724549052e+00 -1.520524237608114441e-02 1.016422272972534145e-02 9.998327306007670501e-01 9.690597127063094263e+01
9.800000000000000000e+01 9.998742039247958679e-01 1.144786237190787218e-02 1.097828642695229326e-02 -3.160760679962034136e-01 -1.131203931627800321e-02 9.998596826464090093e-01 -1.235527355968575082e-02 -1.566364267906739993e+00 -1.111818745413229760e-02 1.222953250707422244e-02 9.998634028918121919e-01 9.790584535576567760e+01
9.900000000000000000e+01 9.999124799897759486e-01 1.166810367596968559e-02 6.236001708231160914e-03 -3.052820662938644514e-01 -1.158267872945595647e-02 9.998409227196143334e-01 -1.356358391598356562e-02 -1.589736711896896137e+00 -6.393271005388198418e-03 1.349016722663518020e-02 9.998885645280929380e-01 9.890551391003212700e+01
1.000000000000000000e+02 9.999088844705815715e-01 1.306552915326867834e-02 3.393332395202569227e-03 -3.296579214709310368e-01 -1.302275276391227400e-02 9.998391004605037269e-01 -1.233617042629357730e-02 -1.636863086164715986e+00 -3.553965003927161189e-03 1.229085588076314281e-02 9.999181487474213537e-01 9.990410537931911961e+01
1.010000000000000000e+02 9.998678729367050932e-01 1.615041371417536356e-02 1.844127406434457796e-03 -3.357650157397819579e-01 -1.612537783406731498e-02 9.997871772153256176e-01 -1.286749647469381634e-02 -1.660751843658007987e+00 -2.051550325636441931e-03 1.283605907896721680e-02 9.999155097949944393e-01 1.009038013484342429e+02
1.020000000000000000e+02 9.998364390782109590e-01 1.803764098644072139e-02 -1.318559459712986609e-03 -3.088953202687839128e-01 -1.805315209552735972e-02 9.997539294696856649e-01 -1.289046971001646738e-02 -1.689980167189034654e+00 1.085721336311689213e-03 1.291216548737907435e-02 9.999160450715884885e-01 1.019030128998931275e+02
1.030000000000000000e+02 9.997630716050347477e-01 2.169322426558763575e-02 -1.790160839279980208e-03 -3.319507762886487745e-01 -2.171495603655970719e-02 9.996773879298435084e-01 -1.317500459588972009e-02 -1.713191192180324895e+00 1.503774982386999479e-03 1.321075632711797045e-02 9.999116033820533156e-01 1.029024776037554290e+02
1.040000000000000000e+02 9.997576795107047110e-01 2.194889967505981102e-02 -1.681684401455844609e-03 -3.430646009669526264e-01 -2.196685802174803970e-02 9.996922015450034893e-01 -1.153079870445699283e-02 -1.743459353081123320e+00 1.428078437657894243e-03 1.156494587815462029e-02 9.999321040044730768e-01 1.039019576292370317e+02
1.050000000000000000e+02 9.997503038700871203e-01 2.234375064501862782e-02 -2.944805305768887524e-04 -3.705754649500790920e-01 -2.234560208518306806e-02 9.996967051764199530e-01 -1.035237783633739111e-02 -1.800286412148922599e+00 6.308026719825307865e-05 1.035637323241184009e-02 9.999463693390520103e-01 1.048999625579426009e+02
1.060000000000000000e+02 9.996314345582536509e-01 2.695471812700986000e-02 -3.230822449887412861e-03 -3.581490051187971591e-01 -2.697892282293842120e-02 9.996063599162952062e-01 -7.698242540577821327e-03 -1.835542046619418333e+00 3.022046710913239322e-03 7.782569343942782707e-03 9.999651488167399238e-01 1.058992636253562978e+02
1.070000000000000000e+02 9.996291777130237310e-01 2.714710182954389178e-02 -2.131179729819275299e-03 -3.942230205596304327e-01 -2.715714480978369261e-02 9.996194881704458801e-01 -4.834082709545965348e-03 -1.865426739054634186e+00 1.999137455152772032e-03 4.890166880476084013e-03 9.999860447612847203e-01 1.068981658080388826e+02
1.080000000000000000e+02 9.996662837161793824e-01 2.562621967272818435e-02 -3.258537458464584157e-03 -3.650802853060718389e-01 -2.564716595031337962e-02 9.996495490776851067e-01 -6.557583968499492919e-03 -1.871745763688137609e+00 3.089349413707747228e-03 6.638967846896761879e-03 9.999731896536674380e-01 1.078977210946086700e+02
1.090000000000000000e+02 9.996858717236175584e-01 2.471152771384478933e-02 -4.183093859630503640e-03 -3.820788639299710354e-01 -2.474307995636639348e-02 9.996644420507068141e-01 -7.667026394145327883e-03 -1.903211296819692366e+00 3.992226254011555474e-03 7.768120590190503993e-03 9.999618584886301731e-01 1.088970813742623704e+02
1.100000000000000000e+02 9.997387289623833606e-01 2.199290459120082503e-02 -6.227837531641742738e-03 -3.808936946361284881e-01 -2.203465743096087032e-02 9.997346433302267688e-01 -6.716903847111304476e-03 -1.915639821103131801e+00 6.078460707956646371e-03 6.852377181216538944e-03 9.999580477411992296e-01 1.098970034348040343e+02
1.110000000000000000e+02 9.997787998974637658e-01 2.041429733020992329e-02 -5.060409084332297310e-03 -4.246920751277685757e-01 -2.043685900326609739e-02 9.997812529610776711e-01 -4.447586049247836612e-03 -1.933900676900142113e+00 4.968507790818299345e-03 4.550021109710598692e-03 9.999773053615946816e-01 1.108958769217941835e+02
1.120000000000000000e+02 9.998260918243234707e-01 1.753342268971281800e-02 -6.353361006861723073e-03 -4.071103627587227547e-01 -1.754628464041226021e-02 9.998441027160586136e-01 -1.974375659545320270e-03 -1.961713550507141912e+00 6.317752972149559033e-03 2.085510180123244066e-03 9.999778680774257245e-01 1.118953354389182806e+02
1.130000000000000000e+02 9.998584943889348153e-01 1.515926232210635001e-02 -7.293007893986278890e-03 -4.073663709191260307e-01 -1.517101530046389458e-02 9.998836982627252734e-01 -1.558923736455657778e-03 -1.976579673393903613e+00 7.268527570636945136e-03 1.669345474343086324e-03 9.999721905096381480e-01 1.128952248992338383e+02
1.140000000000000000e+02 9.999332513454748383e-01 1.125602738557959608e-02 -2.606664758400028831e-03 -4.715711727423971267e-01 -1.126593258398847844e-02 9.999292522637682756e-01 -3.816966104326638669e-03 -1.998273603015908728e+00 2.563516467769013686e-03 3.846077836409305360e-03 9.999893179772459950e-01 1.138929258147593231e+02
1.150000000000000000e+02 9.999623229796859025e-01 7.844888524380297379e-03 -3.716227268398555449e-03 -4.663400849965932959e-01 -7.865441782517383282e-03 9.999536721268907913e-01 -5.548731883948049629e-03 -2.013311842727027567e+00 3.672525920411841196e-03 5.577752593491643041e-03 9.999777003660489383e-01 1.148927990502584038e+02
1.160000000000000000e+02 9.999734024674323818e-01 7.201914098574183770e-03 -1.151864151340122782e-03 -4.822980724630256955e-01 -7.208349933337459582e-03 9.999578631518446503e-01 -5.684330395284735091e-03 -2.026721148526939409e+00 1.110877556200401406e-03 5.692482245997759066e-03 9.999831806570228521e-01 1.158925817932350952e+02
1.170000000000000000e+02 9.999724054941765417e-01 7.003930140846885595e-03 -2.476532408951424413e-03 -4.820577015494624806e-01 -7.018263279142318914e-03 9.999583938663647587e-01 -5.827050433316170557e-03 -2.047272461652234643e+00 2.435617115850797869e-03 5.844270595201714671e-03 9.999799559343561794e-01 1.168923705638014781e+02
1.180000000000000000e+02 9.999685087188788790e-01 7.523588686448304773e-03 -2.525308658087751807e-03 -4.780648698457909962e-01 -7.533767092790080548e-03 9.999634373051580205e-01 -4.045541527769961135e-03 -2.064843343586136637e+00 2.494779335528897121e-03 4.064439215749181961e-03 9.999886281403055355e-01 1.178922082113238474e+02
1.190000000000000000e+02 9.999568176617450455e-01 9.292414333952848590e-03 -1.176760028639329707e-04 -5.090624794761251515e-01 -9.292697386377281668e-03 9.999532016003711554e-01 -2.690796250426753626e-03 -2.092744806570679739e+00 9.266650216801646271e-05 2.691773583034486311e-03 9.999963728773713090e-01 1.188913381611104256e+02
1.200000000000000000e+02 9.999454584086654441e-01 1.040075876701452087e-02 9.510125939901877597e-04 -5.186310341385095279e-01 -1.039568336989121766e-02 9.999324711448553948e-01 -5.194508391046641707e-03 -2.098296294247179006e+00 -1.004975201887099451e-03 5.184338648482228126e-03 9.999860562315973089e-01 1.198912769711114379e+02
