0.0 1.0 0.0 0.0 0.0 0.0 1.0 0.0 0.0 0.0 0.0 1.0 0.0
1.0 0.999997 -0.00222 -0.001304 0.005543 0.002224 0.999994 0.00266 -0.030477 0.001298 -0.002662 0.999996 1.528975
2.0 0.999992 -0.003007 -0.002826 0.005664 0.003017 0.999989 0.003536 -0.06013 0.002815 -0.003544 0.99999 3.052409
3.0 0.999989 -0.002129 -0.004206 0.003267 0.002142 0.999993 0.00314 -0.088382 0.004199 -0.003149 0.999986 4.566315
4.0 0.999983 -0.001525 -0.005644 -0.006649 0.001543 0.999994 0.003188 -0.110715 0.005639 -0.003197 0.999979 6.079413
5.0 0.999975 -0.001626 -0.006926 -0.018432 0.001651 0.999992 0.003642 -0.131435 0.00692 -0.003653 0.999969 7.615299
6.0 0.999962 -0.00174 -0.008516 -0.031716 0.001772 0.999991 0.00382 -0.152958 0.00851 -0.003835 0.999956 9.099118
7.0 0.999941 -0.003536 -0.010287 -0.04481 0.003567 0.999989 0.002972 -0.174369 0.010277 -0.003009 0.999943 10.59934
8.0 0.999921 -0.004713 -0.011639 -0.06194 0.004751 0.999983 0.003263 -0.189033 0.011623 -0.003318 0.999927 12.09423
9.0 0.999905 -0.00475 -0.01291 -0.081952 0.004794 0.999983 0.003373 -0.205787 0.012894 -0.003435 0.999911 13.58737
10.0 0.999892 -0.004229 -0.014077 -0.10778 0.004272 0.999986 0.003009 -0.224905 0.014064 -0.003069 0.999896 15.07594
11.0 0.999891 -0.002623 -0.014555 -0.138347 0.002677 0.99999 0.003644 -0.249241 0.014545 -0.003683 0.999887 16.56039
12.0 0.999887 -0.001053 -0.015 -0.172757 0.001119 0.99999 0.004364 -0.272318 0.014995 -0.00438 0.999878 18.0428
13.0 0.999879 -2.5e-05 -0.015573 -0.205848 0.000105 0.999987 0.005179 -0.295776 0.015573 -0.00518 0.999865 19.51642
14.0 0.999872 -2.4e-05 -0.016009 -0.238687 0.00011 0.999985 0.005384 -0.313279 0.016009 -0.005385 0.999857 20.98968
15.0 0.999864 0.000441 -0.01651 -0.267875 -0.000351 0.999985 0.005485 -0.328015 0.016512 -0.005479 0.999849 22.45164
16.0 0.999862 0.001119 -0.016547 -0.297799 -0.001019 0.999981 0.00606 -0.341478 0.016554 -0.006042 0.999845 23.90871
17.0 0.999861 0.00205 -0.016516 -0.32869 -0.001931 0.999972 0.007207 -0.3566 0.01653 -0.007174 0.999838 25.36099
18.0 0.999862 0.002377 -0.016454 -0.3584 -0.002273 0.999977 0.00638 -0.370178 0.016469 -0.006342 0.999844 26.80201
19.0 0.999862 0.002769 -0.016383 -0.388164 -0.002708 0.999989 0.003731 -0.390378 0.016393 -0.003686 0.999859 28.23509
20.0 0.99987 0.00117 -0.016089 -0.415687 -0.001111 0.999993 0.003664 -0.412746 0.016094 -0.003646 0.999864 29.6606
21.0 0.999875 0.00021 -0.015821 -0.442803 -0.000109 0.999979 0.00642 -0.43506 0.015822 -0.006418 0.999854 31.08204
22.0 0.999876 -0.001461 -0.015651 -0.467863 0.001587 0.999967 0.008021 -0.453966 0.015639 -0.008044 0.999845 32.49337
23.0 0.999878 -0.002448 -0.015404 -0.493712 0.00256 0.99997 0.007241 -0.467809 0.015386 -0.007279 0.999855 33.88789
24.0 0.999885 -0.002351 -0.014992 -0.523018 0.002435 0.999982 0.00554 -0.484516 0.014979 -0.005575 0.999872 35.27199
25.0 0.999896 -0.001558 -0.014356 -0.554867 0.001621 0.999989 0.004392 -0.50271 0.014349 -0.004415 0.999887 36.63973
26.0 0.999909 -0.000867 -0.013455 -0.583161 0.000919 0.999992 0.003871 -0.5237 0.013451 -0.003883 0.999902 37.99599
27.0 0.999924 -0.000314 -0.012311 -0.611006 0.000371 0.999989 0.004555 -0.54468 0.01231 -0.004559 0.999914 39.33019
28.0 0.999943 0.000334 -0.010705 -0.635159 -0.000261 0.999977 0.006834 -0.565087 0.010707 -0.006831 0.999919 40.65401
29.0 0.999959 -0.000271 -0.009046 -0.655974 0.000343 0.999968 0.007991 -0.58377 0.009043 -0.007993 0.999927 41.95719
30.0 0.999977 6.8e-05 -0.00676 -0.673187 -1e-05 0.999964 0.008478 -0.601223 0.00676 -0.008478 0.999941 43.23955
31.0 0.999994 5.5e-05 -0.003365 -0.686542 -2.7e-05 0.999965 0.008351 -0.617819 0.003366 -0.00835 0.999959 44.50289
32.0 1.0 -0.000785 0.000322 -0.693588 0.000783 0.999981 0.00619 -0.635024 -0.000327 -0.006189 0.999981 45.74413
33.0 0.999992 -0.0011 0.003803 -0.695957 0.001083 0.999989 0.00456 -0.652671 -0.003808 -0.004555 0.999982 46.97748
34.0 0.999969 -0.000677 0.007862 -0.700199 0.000637 0.999987 0.005149 -0.664545 -0.007865 -0.005144 0.999956 48.19774
35.0 0.999913 -0.000262 0.013158 -0.697523 0.000194 0.999987 0.005192 -0.678188 -0.013159 -0.005189 0.9999 49.40741
36.0 0.999804 0.001185 0.019745 -0.690361 -0.001267 0.999991 0.004133 -0.689998 -0.01974 -0.004157 0.999796 50.60553
37.0 0.999627 0.002727 0.027181 -0.67597 -0.002833 0.999988 0.003862 -0.702069 -0.027171 -0.003938 0.999623 51.79127
38.0 0.999359 0.003729 0.035594 -0.647375 -0.003917 0.999979 0.005225 -0.712611 -0.035573 -0.005361 0.999353 52.9688
39.0 0.998933 0.005956 0.045799 -0.609462 -0.006221 0.999965 0.005655 -0.723103 -0.045764 -0.005934 0.998935 54.13296
40.0 0.998239 0.008248 0.058742 -0.560062 -0.008602 0.999946 0.00577 -0.729777 -0.058691 -0.006265 0.998256 55.2811
41.0 0.997244 0.010306 0.073467 -0.49341 -0.010796 0.999922 0.006287 -0.739077 -0.073396 -0.007062 0.997278 56.41219
42.0 0.995886 0.012646 0.089727 -0.411112 -0.013361 0.999884 0.007371 -0.746905 -0.089624 -0.00854 0.995939 57.53105
43.0 0.994135 0.012878 0.107377 -0.304374 -0.013903 0.999865 0.008804 -0.755216 -0.107249 -0.010245 0.994179 58.64015
44.0 0.9919 0.012547 0.126397 -0.177259 -0.013694 0.999873 0.008206 -0.763742 -0.126277 -0.009871 0.991946 59.73159
45.0 0.989131 0.011676 0.146575 -0.03028 -0.012821 0.999894 0.006865 -0.770958 -0.146479 -0.00867 0.989176 60.80734
46.0 0.985858 0.009109 0.167337 0.141416 -0.010291 0.999928 0.006197 -0.780199 -0.167268 -0.007832 0.98588 61.86839
47.0 0.981966 0.003794 0.189023 0.342924 -0.005471 0.99995 0.008355 -0.790571 -0.188981 -0.009238 0.981937 62.91291
48.0 0.977305 -0.001709 0.211832 0.568852 -0.000475 0.999947 0.010258 -0.799153 -0.211839 -0.010126 0.977252 63.94069
49.0 0.971869 -0.006881 0.235421 0.822607 0.004699 0.999941 0.009828 -0.802662 -0.235475 -0.008445 0.971844 64.949
50.0 0.965465 -0.013312 0.260191 1.098599 0.011666 0.999901 0.007868 -0.805628 -0.26027 -0.004561 0.965525 65.93481
51.0 0.958072 -0.017285 0.286006 1.400581 0.015629 0.999845 0.008074 -0.804874 -0.286102 -0.003265 0.958194 66.90386
52.0 0.949561 -0.020055 0.312942 1.71945 0.017625 0.999788 0.010593 -0.809922 -0.313088 -0.004544 0.949713 67.85621
53.0 0.93996 -0.024307 0.340418 2.070873 0.020827 0.999687 0.013873 -0.811622 -0.340649 -0.00595 0.940172 68.79155
54.0 0.929172 -0.028002 0.368586 2.445156 0.024719 0.999602 0.013628 -0.813126 -0.368821 -0.003552 0.929494 69.70243
55.0 0.917215 -0.027345 0.397452 2.836652 0.025449 0.999626 0.010046 -0.813915 -0.397578 0.0009 0.917568 70.58836
56.0 0.90416 -0.028612 0.426236 3.253649 0.029448 0.999556 0.004629 -0.816667 -0.426179 0.008367 0.9046 71.45272
57.0 0.890073 -0.030669 0.454784 3.697183 0.033537 0.999436 0.001762 -0.821755 -0.454582 0.013683 0.8906 72.3001
58.0 0.874523 -0.031996 0.483927 4.16577 0.033865 0.999414 0.004879 -0.826572 -0.483799 0.012122 0.875095 73.1322
59.0 0.856968 -0.031224 0.514423 4.656399 0.029915 0.999494 0.010832 -0.832648 -0.514501 0.006107 0.857468 73.95134
60.0 0.837521 -0.031354 0.545505 5.171922 0.027166 0.999507 0.01574 -0.837906 -0.545729 0.001637 0.83796 74.74042
61.0 0.816496 -0.025946 0.576768 5.707425 0.024162 0.99965 0.010765 -0.839716 -0.576845 0.005146 0.816837 75.50137
62.0 0.794646 -0.019168 0.606771 6.267395 0.02143 0.999764 0.003516 -0.840273 -0.606695 0.010209 0.794869 76.23592
63.0 0.772239 -0.016424 0.635119 6.852965 0.020558 0.999788 0.000857 -0.84365 -0.634999 0.012395 0.772414 76.94187
64.0 0.74905 -0.019302 0.662232 7.469758 0.021961 0.99975 0.004299 -0.850715 -0.662149 0.011324 0.749286 77.62714
65.0 0.724733 -0.019538 0.688753 8.102844 0.021167 0.999757 0.006088 -0.862081 -0.688705 0.010166 0.72497 78.28406
66.0 0.69946 -0.018264 0.714439 8.750799 0.022699 0.999737 0.003334 -0.870241 -0.714311 0.013886 0.69969 78.9059
67.0 0.67334 -0.015817 0.739164 9.420955 0.022909 0.999737 0.000524 -0.876219 -0.738978 0.016581 0.673526 79.5064
68.0 0.646403 -0.013424 0.762878 10.10937 0.020857 0.999782 -8e-05 -0.884468 -0.762711 0.015963 0.646542 80.08158
69.0 0.61862 -0.012396 0.785592 10.82345 0.0212 0.999775 -0.000919 -0.896309 -0.785404 0.017223 0.618744 80.63432
70.0 0.590101 -0.006313 0.807305 11.55404 0.020239 0.999771 -0.006975 -0.910395 -0.807076 0.020455 0.590093 81.16168
71.0 0.560245 0.002835 0.828322 12.29823 0.018923 0.999689 -0.016221 -0.944079 -0.828111 0.024762 0.560017 81.67543
72.0 0.529597 0.011272 0.848174 13.06621 0.018357 0.999525 -0.024745 -0.989975 -0.848051 0.028674 0.529139 82.17844
73.0 0.498018 0.016318 0.867013 13.85636 0.016122 0.999476 -0.028072 -1.044292 -0.867017 0.027958 0.497494 82.66054
74.0 0.465662 0.015828 0.884821 14.67086 0.013814 0.999588 -0.025151 -1.091171 -0.884855 0.023934 0.465251 83.10277
75.0 0.432752 0.014185 0.901401 15.50495 0.009386 0.999751 -0.020239 -1.141769 -0.901464 0.017219 0.432511 83.5264
76.0 0.398568 0.015069 0.917015 16.35188 0.00537 0.99981 -0.018763 -1.18292 -0.917123 0.012403 0.398411 83.90596
77.0 0.363439 0.018019 0.931444 17.21884 -0.001325 0.999822 -0.018825 -1.223975 -0.931617 0.005608 0.363398 84.2663
78.0 0.327688 0.020195 0.94457 18.10134 -0.006744 0.999796 -0.019036 -1.258474 -0.944762 -0.000133 0.327758 84.58881
79.0 0.291584 0.019346 0.95635 19.00345 -0.009648 0.999804 -0.017283 -1.292921 -0.956496 -0.004188 0.291714 84.87369
80.0 0.255416 0.018987 0.966645 19.92032 -0.010462 0.999803 -0.016874 -1.333845 -0.966775 -0.005803 0.255564 85.12286
81.0 0.219592 0.018168 0.975422 20.85317 -0.009855 0.999817 -0.016404 -1.389328 -0.975542 -0.00601 0.219731 85.33947
82.0 0.184261 0.017268 0.982726 21.79622 -0.007939 0.999839 -0.01608 -1.441902 -0.982845 -0.004839 0.184369 85.51592
83.0 0.149706 0.015483 0.988609 22.74979 -0.000462 0.999878 -0.01559 -1.487418 -0.98873 0.001877 0.149695 85.65402
84.0 0.116109 0.018703 0.99306 23.70411 0.003197 0.999811 -0.019204 -1.536455 -0.993231 0.005405 0.116028 85.75774
85.0 0.083471 0.024498 0.996209 24.66336 0.003601 0.999684 -0.024886 -1.578857 -0.996504 0.005664 0.083356 85.83875
86.0 0.054115 0.028112 0.998139 25.62625 0.010296 0.999535 -0.02871 -1.637414 -0.998482 0.011831 0.0538 85.88405
87.0 0.028448 0.027693 0.999212 26.5967 0.013164 0.999519 -0.028076 -1.686769 -0.999509 0.013952 0.02807 85.9035
88.0 0.005896 0.023764 0.9997 27.57774 0.01408 0.999617 -0.023845 -1.740061 -0.999883 0.014217 0.00556 85.9082
89.0 -0.013229 0.020554 0.999701 28.56061 0.014366 0.999689 -0.020364 -1.785582 -0.999809 0.014092 -0.01352 85.89204
90.0 -0.029742 0.023439 0.999283 29.53912 0.016292 0.999604 -0.022962 -1.850372 -0.999425 0.015598 -0.030112 85.86002
91.0 -0.044512 0.029173 0.998583 30.52056 0.018972 0.999418 -0.028352 -1.910044 -0.998829 0.017683 -0.045039 85.8096
92.0 -0.056447 0.033137 0.997856 31.50611 0.023354 0.999219 -0.031861 -1.968582 -0.998132 0.021505 -0.057177 85.7461
93.0 -0.065587 0.036968 0.997162 32.49553 0.029362 0.998952 -0.035104 -2.034292 -0.997415 0.026976 -0.066604 85.66974
94.0 -0.071332 0.042013 0.996568 33.48523 0.032943 0.998667 -0.039743 -2.096511 -0.996908 0.029995 -0.072621 85.5875
95.0 -0.07498 0.047367 0.996059 34.47574 0.034848 0.998386 -0.044854 -2.16517 -0.996576 0.031348 -0.076509 85.50585
96.0 -0.077721 0.051002 0.99567 35.47392 0.037102 0.998147 -0.048233 -2.230292 -0.996285 0.033193 -0.079469 85.41929
97.0 -0.080411 0.054556 0.995268 36.47409 0.037553 0.997958 -0.051669 -2.30243 -0.996054 0.033221 -0.082295 85.33282
98.0 -0.08277 0.057129 0.99493 37.47623 0.038438 0.997796 -0.054095 -2.372412 -0.995827 0.033765 -0.084784 85.24353
99.0 -0.084668 0.061262 0.994524 38.47939 0.039504 0.99753 -0.058084 -2.446547 -0.995626 0.03437 -0.086879 85.15093
100.0 -0.086685 0.062956 0.994245 39.48794 0.042221 0.997337 -0.05947 -2.531911 -0.995341 0.036823 -0.089113 85.04711
101.0 -0.088706 0.062058 0.994123 40.50491 0.042522 0.997383 -0.058468 -2.620466 -0.99515 0.037086 -0.091112 84.94335
102.0 -0.091197 0.060786 0.993976 41.52314 0.041369 0.997505 -0.057206 -2.703793 -0.994973 0.035902 -0.093485 84.84011
103.0 -0.09318 0.062368 0.993694 42.54154 0.041892 0.997398 -0.058672 -2.782434 -0.994768 0.03616 -0.095551 84.7334
104.0 -0.095653 0.064259 0.993339 43.56321 0.040687 0.997333 -0.060599 -2.862846 -0.994583 0.034619 -0.098013 84.62639
105.0 -0.098267 0.066807 0.992915 44.59161 0.039327 0.997225 -0.063205 -2.947049 -0.994383 0.032838 -0.100622 84.51273
106.0 -0.100822 0.070173 0.992427 45.6239 0.037149 0.997079 -0.066728 -3.034107 -0.994211 0.03014 -0.103134 84.39616
107.0 -0.103037 0.074545 0.99188 46.65834 0.03383 0.996873 -0.071406 -3.121719 -0.994102 0.026198 -0.105237 84.28026
108.0 -0.105562 0.07714 0.991416 47.69859 0.031586 0.996744 -0.074191 -3.212409 -0.993911 0.023483 -0.107654 84.15974
109.0 -0.108252 0.075684 0.991238 48.74265 0.029801 0.996897 -0.072861 -3.300682 -0.993677 0.021653 -0.110171 84.03799
110.0 -0.11134 0.071231 0.991226 49.79767 0.02642 0.997287 -0.068699 -3.399467 -0.993431 0.018539 -0.11292 83.91179
111.0 -0.113916 0.069596 0.99105 50.8513 0.026272 0.997405 -0.067022 -3.491219 -0.993143 0.018402 -0.115449 83.78036
112.0 -0.115825 0.06985 0.990811 51.90709 0.025982 0.997396 -0.067277 -3.581332 -0.99293 0.017951 -0.117338 83.64593
113.0 -0.11715 0.072634 0.990455 52.96284 0.027376 0.997179 -0.069889 -3.668473 -0.992737 0.018928 -0.118808 83.50873
114.0 -0.117772 0.075417 0.990173 54.02128 0.027904 0.996969 -0.072616 -3.758476 -0.992649 0.019078 -0.119519 83.37012
115.0 -0.118204 0.076597 0.990031 55.08951 0.027081 0.996898 -0.073895 -3.853303 -0.99262 0.018076 -0.119912 83.23118
116.0 -0.118078 0.074829 0.990181 56.16217 0.023743 0.997084 -0.07252 -3.946919 -0.99272 0.014947 -0.11951 83.09674
117.0 -0.118312 0.074503 0.990178 57.23648 0.019998 0.997158 -0.072639 -4.04344 -0.992775 0.011207 -0.119465 82.9632
118.0 -0.118414 0.075365 0.9901 58.31225 0.016294 0.997129 -0.073951 -4.137484 -0.99283 0.007375 -0.119302 82.83188
119.0 -0.118791 0.075704 0.990029 59.39428 0.012258 0.997125 -0.074776 -4.235523 -0.992843 0.003253 -0.119378 82.69832
120.0 -0.119283 0.074812 0.990038 60.48415 0.00865 0.997198 -0.074311 -4.332877 -0.992823 -0.0003 -0.119595 82.56445
121.0 -0.119676 0.069891 0.99035 61.58947 0.008555 0.997555 -0.069366 -4.427686 -0.992776 0.000171 -0.119981 82.42007
122.0 -0.119974 0.061478 0.990872 62.69201 0.011562 0.9981 -0.060526 -4.50744 -0.99271 0.004195 -0.120457 82.27636
123.0 -0.119989 0.054828 0.99126 63.80163 0.016247 0.998448 -0.053259 -4.57511 -0.992642 0.009714 -0.120694 82.12657
124.0 -0.11919 0.057536 0.991203 64.90299 0.025025 0.998177 -0.054931 -4.637324 -0.992556 0.018258 -0.120413 81.97173
125.0 -0.117948 0.06349 0.990988 66.00675 0.031175 0.997699 -0.06021 -4.698824 -0.99253 0.023793 -0.119656 81.81847
126.0 -0.117073 0.069162 0.990712 67.11535 0.034552 0.997252 -0.065535 -4.769758 -0.992522 0.026559 -0.119141 81.67129
127.0 -0.116345 0.07295 0.990526 68.22842 0.035648 0.996963 -0.069236 -4.848159 -0.992569 0.027255 -0.118592 81.52737
128.0 -0.116371 0.071988 0.990594 69.35294 0.032858 0.997103 -0.068601 -4.927907 -0.992662 0.024565 -0.118399 81.38834
129.0 -0.116135 0.066914 0.990977 70.485 0.030721 0.997493 -0.063754 -5.011017 -0.992758 0.023039 -0.117899 81.24871
130.0 -0.115947 0.063944 0.991195 71.62116 0.029161 0.997714 -0.060953 -5.086994 -0.992827 0.021837 -0.117547 81.11025
131.0 -0.115828 0.06476 0.991156 72.75311 0.027804 0.997693 -0.061938 -5.162949 -0.99288 0.020384 -0.117361 80.97266
132.0 -0.115625 0.069213 0.990879 73.88909 0.02804 0.997399 -0.066396 -5.241054 -0.992897 0.020107 -0.117265 80.83141
133.0 -0.114933 0.073149 0.990676 75.02755 0.028375 0.99712 -0.070333 -5.323826 -0.992968 0.020027 -0.116677 80.68962
134.0 -0.114561 0.072155 0.990792 76.17779 0.028432 0.997188 -0.069333 -5.40908 -0.993009 0.020228 -0.11629 80.54753
135.0 -0.114032 0.064119 0.991406 77.33948 0.029572 0.997692 -0.061124 -5.49365 -0.993037 0.022347 -0.115665 80.40286
136.0 -0.114225 0.063258 0.991439 78.49684 0.029375 0.997749 -0.060277 -5.575395 -0.99302 0.022239 -0.115826 80.2607
137.0 -0.114117 0.06638 0.991247 79.65385 0.027212 0.9976 -0.063673 -5.653289 -0.993094 0.019707 -0.11565 80.12242
138.0 -0.113867 0.069565 0.991058 80.81443 0.026692 0.9974 -0.066944 -5.733271 -0.993137 0.018831 -0.115427 79.98194
139.0 -0.113774 0.069064 0.991103 81.98866 0.025831 0.997449 -0.066541 -5.820181 -0.993171 0.018031 -0.115268 79.84084
140.0 -0.113327 0.065787 0.991377 83.14911 0.025024 0.997678 -0.063344 -5.906836 -0.993243 0.017629 -0.114711 79.7018
141.0 -0.11233 0.064501 0.991575 84.31156 0.025874 0.997742 -0.061971 -5.991644 -0.993334 0.018694 -0.113746 79.56056
142.0 -0.11087 0.064727 0.991725 85.48133 0.027331 0.997698 -0.062061 -6.073437 -0.993459 0.020224 -0.112384 79.41861
143.0 -0.109685 0.065189 0.991827 86.65574 0.03007 0.997608 -0.062244 -6.143337 -0.993511 0.022997 -0.111382 79.27416
144.0 -0.108518 0.064742 0.991984 87.84314 0.029759 0.997641 -0.061856 -6.220092 -0.993649 0.022808 -0.110189 79.13297
145.0 -0.107126 0.065551 0.992082 89.03034 0.031053 0.997558 -0.062559 -6.292724 -0.99376 0.024106 -0.1089 78.99178
146.0 -0.106084 0.063038 0.992357 90.23925 0.031279 0.997706 -0.060034 -6.375416 -0.993865 0.024672 -0.107813 78.85004
147.0 -0.10507 0.062443 0.992503 91.45274 0.02995 0.997773 -0.059604 -6.458889 -0.994014 0.023463 -0.106706 78.71205
148.0 -0.10376 0.062006 0.992668 92.66639 0.030985 0.997772 -0.059087 -6.54215 -0.99412 0.024627 -0.105451 78.57336
149.0 -0.102178 0.062563 0.992797 93.88743 0.029411 0.997774 -0.05985 -6.627664 -0.994331 0.023084 -0.10379 78.43781
150.0 -0.100606 0.065531 0.992766 95.10911 0.029786 0.99758 -0.06283 -6.713115 -0.99448 0.023249 -0.102314 78.30262
151.0 -0.099454 0.065308 0.992897 96.33804 0.028011 0.997632 -0.062814 -6.79866 -0.994648 0.021565 -0.101048 78.17155
152.0 -0.099033 0.062642 0.993111 97.56935 0.02388 0.997879 -0.060561 -6.882331 -0.994798 0.017718 -0.100318 78.05765
153.0 -0.098867 0.063762 0.993056 98.80208 0.021453 0.99785 -0.061934 -6.966266 -0.994869 0.015181 -0.100022 77.93983
154.0 -0.099152 0.063872 0.99302 100.0429 0.018872 0.997879 -0.0623 -7.052411 -0.994893 0.012563 -0.100148 77.8218
155.0 -0.10023 0.060812 0.993104 101.2886 0.016005 0.9981 -0.059503 -7.13867 -0.994835 0.009931 -0.101013 77.69989
156.0 -0.101508 0.059334 0.993064 102.5376 0.013835 0.998207 -0.058228 -7.224808 -0.994738 0.007829 -0.102147 77.57772
157.0 -0.102841 0.058714 0.992963 103.7849 0.012161 0.998256 -0.057767 -7.308559 -0.994623 0.006135 -0.103375 77.45043
158.0 -0.104556 0.058606 0.992791 105.0341 0.011856 0.998265 -0.057681 -7.394646 -0.994448 0.00574 -0.10507 77.31942
159.0 -0.106828 0.057288 0.992626 106.2831 0.012154 0.998339 -0.056309 -7.478364 -0.994203 0.006049 -0.107346 77.18259
160.0 -0.109878 0.052358 0.992565 107.5331 0.008644 0.998624 -0.051721 -7.561306 -0.993907 0.002897 -0.11018 77.04728
161.0 -0.113971 0.051943 0.992125 108.7743 0.008263 0.998647 -0.051335 -7.641329 -0.99345 0.002347 -0.114246 76.90436
162.0 -0.119594 0.056737 0.991201 110.0019 0.002541 0.99838 -0.056841 -7.722951 -0.99282 -0.004279 -0.119544 76.76378
163.0 -0.126757 0.062106 0.989988 111.2386 0.003717 0.998061 -0.062136 -7.807969 -0.991927 -0.004197 -0.126742 76.60787
164.0 -0.135763 0.059236 0.988969 112.4618 0.006028 0.998242 -0.058964 -7.896792 -0.990723 -0.002044 -0.135882 76.43702
165.0 -0.146822 0.053839 0.987697 113.6907 0.005285 0.998546 -0.053644 -7.983049 -0.989149 -0.002656 -0.146893 76.25308
166.0 -0.15946 0.055699 0.985632 114.9114 0.007842 0.998447 -0.055155 -8.061834 -0.987173 -0.001066 -0.159649 76.04901
167.0 -0.17375 0.056344 0.983177 116.1296 0.009454 0.998411 -0.055547 -8.141038 -0.984744 -0.000357 -0.174007 75.82078
168.0 -0.188426 0.054056 0.980599 117.341 0.009524 0.998538 -0.053215 -8.223598 -0.982041 -0.000688 -0.188665 75.5813
169.0 -0.203657 0.0559 0.977445 118.5414 0.014587 0.998431 -0.054061 -8.306282 -0.978934 0.003248 -0.204153 75.31661
170.0 -0.219063 0.059324 0.973906 119.7281 0.014608 0.998237 -0.05752 -8.388866 -0.975601 0.001627 -0.219543 75.04274
171.0 -0.234389 0.0639 0.97004 120.9037 0.014935 0.997956 -0.06213 -8.474808 -0.972028 -7.5e-05 -0.234865 74.7513
172.0 -0.250667 0.062085 0.96608 122.0798 0.011368 0.998061 -0.061191 -8.561332 -0.968006 -0.004356 -0.250887 74.44731
173.0 -0.267027 0.05551 0.962089 123.2631 0.005399 0.99841 -0.056107 -8.644916 -0.963674 -0.009788 -0.266902 74.12704
174.0 -0.283006 0.051133 0.957754 124.4375 0.001088 0.998594 -0.052992 -8.723087 -0.959117 -0.013955 -0.282664 73.78566
175.0 -0.298454 0.052377 0.952986 125.5966 -0.000665 0.998481 -0.055085 -8.799145 -0.954424 -0.017074 -0.297966 73.42718
176.0 -0.313123 0.054502 0.948148 126.7459 -0.000834 0.998336 -0.057662 -8.874807 -0.949712 -0.018846 -0.312556 73.04799
177.0 -0.327108 0.056237 0.943312 127.8828 0.000519 0.998238 -0.059332 -8.95451 -0.944987 -0.018918 -0.326561 72.65186
178.0 -0.341346 0.056617 0.938231 129.0149 0.002514 0.998236 -0.059323 -9.035824 -0.939935 -0.017891 -0.340886 72.2359
179.0 -0.355554 0.054357 0.933074 130.1383 0.002025 0.99835 -0.057387 -9.118396 -0.934654 -0.018514 -0.355077 71.80658
180.0 -0.370103 0.05298 0.927479 131.2536 0.001738 0.99841 -0.056339 -9.199095 -0.928989 -0.019239 -0.369607 71.36168
181.0 -0.385038 0.053793 0.921332 132.3546 0.00014 0.998303 -0.058228 -9.279118 -0.922901 -0.022291 -0.384393 70.90448
182.0 -0.399841 0.056651 0.914832 133.4422 0.001255 0.998121 -0.061261 -9.359054 -0.916584 -0.023347 -0.39916 70.42848
183.0 -0.414764 0.057825 0.90809 134.5288 0.001958 0.998033 -0.062658 -9.441782 -0.909927 -0.024211 -0.414061 69.9313
184.0 -0.429146 0.06063 0.901198 135.6043 0.004537 0.997877 -0.064974 -9.527433 -0.903224 -0.023795 -0.42851 69.4146
185.0 -0.444075 0.063692 0.893723 136.6762 0.004605 0.997619 -0.068808 -9.61488 -0.895978 -0.02644 -0.443311 68.8803
186.0 -0.459186 0.066477 0.885849 137.742 0.005241 0.997381 -0.07213 -9.70459 -0.888325 -0.028478 -0.458332 68.32845
187.0 -0.474546 0.063775 0.877917 138.8096 0.004079 0.99752 -0.070259 -9.795509 -0.880221 -0.02976 -0.47363 67.75361
188.0 -0.4907 0.059587 0.869289 139.8723 0.00097 0.997696 -0.067842 -9.888913 -0.871328 -0.032446 -0.489627 67.16223
189.0 -0.506806 0.059106 0.860032 140.9268 0.00032 0.99766 -0.068375 -9.978781 -0.86206 -0.034378 -0.505638 66.54673
190.0 -0.522795 0.058621 0.850441 141.9671 -0.000963 0.997591 -0.069357 -10.06744 -0.852458 -0.037079 -0.521479 65.91185
191.0 -0.538655 0.057485 0.840563 143.0034 -0.001762 0.997591 -0.069354 -10.15971 -0.842525 -0.038839 -0.537256 65.25392
192.0 -0.554397 0.05666 0.830321 144.0312 -0.00329 0.997523 -0.070266 -10.2544 -0.832245 -0.041687 -0.552838 64.57481
193.0 -0.569902 0.056337 0.819779 145.0446 -0.003768 0.997457 -0.071166 -10.34928 -0.821704 -0.043646 -0.568241 63.87549
194.0 -0.585207 0.053806 0.809097 146.0542 -0.004333 0.997574 -0.069474 -10.44366 -0.810872 -0.044162 -0.583554 63.15165
195.0 -0.600352 0.049848 0.798181 147.0512 -0.004692 0.997819 -0.065844 -10.53685 -0.799722 -0.043275 -0.598808 62.40627
196.0 -0.615177 0.047988 0.786927 148.0355 -0.003861 0.99795 -0.063876 -10.62705 -0.78838 -0.042333 -0.613731 61.64068
197.0 -0.630049 0.046778 0.775145 149.012 -0.00443 0.997951 -0.063825 -10.71697 -0.776543 -0.043647 -0.628551 60.85284
198.0 -0.644853 0.047658 0.762819 149.9695 -0.005932 0.997712 -0.067348 -10.80867 -0.764284 -0.047955 -0.643095 60.0493
199.0 -0.660155 0.048073 0.749589 150.9179 -0.007959 0.997446 -0.070978 -10.9007 -0.751087 -0.052823 -0.658087 59.22635
200.0 -0.675977 0.043892 0.735614 151.857 -0.010267 0.997567 -0.068956 -10.99532 -0.736851 -0.054165 -0.673882 58.37761
201.0 -0.692018 0.036665 0.720949 152.7818 -0.013873 0.997849 -0.064064 -11.08992 -0.721747 -0.054335 -0.690021 57.50416
202.0 -0.708786 0.033546 0.704625 153.6878 -0.015545 0.997883 -0.063145 -11.18205 -0.705252 -0.05571 -0.706764 56.60812
203.0 -0.726168 0.031741 0.686784 154.5733 -0.017017 0.997798 -0.064108 -11.26982 -0.687307 -0.05824 -0.724029 55.68878
204.0 -0.743603 0.027262 0.668065 155.4368 -0.020667 0.997754 -0.06372 -11.36018 -0.668302 -0.06119 -0.74137 54.74664
205.0 -0.760325 0.025347 0.649048 156.2981 -0.020951 0.997761 -0.063508 -11.44851 -0.649204 -0.061885 -0.758092 53.77203
206.0 -0.776394 0.026962 0.629671 157.1378 -0.01901 0.997628 -0.066157 -11.53501 -0.629961 -0.063334 -0.77404 52.77454
207.0 -0.791632 0.027827 0.610364 157.9474 -0.015402 0.997736 -0.065464 -11.62413 -0.610804 -0.061224 -0.789411 51.75294
208.0 -0.806194 0.028025 0.590988 158.7557 -0.011783 0.997919 -0.063394 -11.72195 -0.591534 -0.058072 -0.804186 50.72638
209.0 -0.820556 0.029349 0.570812 159.5353 -0.010204 0.997769 -0.065971 -11.82015 -0.571475 -0.059957 -0.818426 49.68737
210.0 -0.834373 0.030733 0.550343 160.2798 -0.009667 0.997475 -0.070359 -11.91873 -0.551115 -0.064026 -0.831969 48.63458
211.0 -0.84736 0.031389 0.53009 161.0032 -0.007512 0.997443 -0.071072 -12.02126 -0.530966 -0.064206 -0.844957 47.56063
212.0 -0.859153 0.029473 0.510869 161.6863 -0.005867 0.997707 -0.067428 -12.122 -0.511685 -0.060928 -0.85701 46.46556
213.0 -0.869659 0.030336 0.492721 162.349 -0.004479 0.997584 -0.069325 -12.23005 -0.493633 -0.062496 -0.867422 45.35334
214.0 -0.879122 0.034442 0.475351 162.973 -0.00043 0.997328 -0.073058 -12.33141 -0.476597 -0.064432 -0.876757 44.22905
215.0 -0.888098 0.032516 0.458503 163.5887 -0.001746 0.997249 -0.074105 -12.44119 -0.459651 -0.066613 -0.885598 43.09552
216.0 -0.896348 0.029452 0.442372 164.1798 -0.003887 0.997231 -0.074269 -12.55286 -0.443334 -0.06829 -0.893751 41.94672
217.0 -0.903684 0.027149 0.427339 164.7509 -0.004751 0.997291 -0.073404 -12.66162 -0.428175 -0.068365 -0.901106 40.78883
218.0 -0.910246 0.026007 0.413251 165.2989 -0.004902 0.997279 -0.073558 -12.77147 -0.41404 -0.068982 -0.907641 39.6217
219.0 -0.916402 0.02343 0.399572 165.8309 -0.006282 0.99732 -0.07289 -12.87876 -0.400209 -0.069307 -0.913799 38.44779
220.0 -0.922076 0.018532 0.386564 166.3487 -0.008921 0.99757 -0.069104 -12.98468 -0.386905 -0.067167 -0.91967 37.26247
221.0 -0.927204 0.014381 0.374281 166.8523 -0.0108 0.997821 -0.065093 -13.08684 -0.374402 -0.064397 -0.925028 36.0661
222.0 -0.93153 0.015067 0.363352 167.3354 -0.00835 0.997992 -0.06279 -13.18536 -0.363569 -0.061524 -0.929534 34.86197
223.0 -0.934786 0.018862 0.354709 167.7973 -0.004032 0.997961 -0.063692 -13.27958 -0.355188 -0.060968 -0.932805 33.65811
224.0 -0.937032 0.024576 0.348379 168.2484 0.001715 0.997833 -0.065778 -13.37387 -0.34924 -0.061039 -0.935043 32.44993
225.0 -0.938772 0.028874 0.343327 168.6912 0.005721 0.997651 -0.068261 -13.47182 -0.344492 -0.062118 -0.936732 31.24282
226.0 -0.940626 0.026494 0.338409 169.1379 0.00374 0.997698 -0.067714 -13.57156 -0.339424 -0.062428 -0.93856 30.02817
227.0 -0.942524 0.018988 0.333599 169.5751 -0.002383 0.997977 -0.063537 -13.67179 -0.33413 -0.06068 -0.940572 28.81254
228.0 -0.94436 0.012753 0.328667 169.9695 -0.007661 0.998124 -0.060742 -13.77138 -0.328825 -0.059881 -0.942491 27.58224
229.0 -0.946034 0.006645 0.324001 170.3619 -0.014577 0.997905 -0.06303 -13.86787 -0.323741 -0.064352 -0.943955 26.35507
230.0 -0.947314 0.004236 0.32028 170.7494 -0.017617 0.99771 -0.065303 -13.96352 -0.319823 -0.067505 -0.945069 25.13071
231.0 -0.948138 0.004641 0.317824 171.1273 -0.017924 0.997522 -0.068036 -14.06469 -0.317352 -0.070204 -0.945705 23.90019
232.0 -0.948455 0.004732 0.316877 171.513 -0.018286 0.997405 -0.069628 -14.1674 -0.316384 -0.071834 -0.945908 22.67273
233.0 -0.948373 0.007782 0.317061 171.8911 -0.015552 0.997355 -0.070996 -14.27268 -0.316775 -0.072262 -0.945744 21.44258
234.0 -0.948019 0.009724 0.318064 172.2632 -0.014346 0.997211 -0.073246 -14.38257 -0.317889 -0.074001 -0.945236 20.22133
235.0 -0.947643 0.009823 0.319181 172.6177 -0.014917 0.997074 -0.074972 -14.49077 -0.318984 -0.075808 -0.944724 19.01008
236.0 -0.947094 0.011 0.320766 172.9947 -0.01363 0.997132 -0.074441 -14.59753 -0.320665 -0.074874 -0.944229 17.7991
237.0 -0.946245 0.011578 0.323244 173.377 -0.013201 0.997144 -0.074361 -14.70734 -0.323182 -0.074631 -0.94339 16.59909
238.0 -0.944974 0.010477 0.326979 173.783 -0.014873 0.997078 -0.07493 -14.81889 -0.326809 -0.07567 -0.942056 15.40117
239.0 -0.94341 0.009139 0.331503 174.1985 -0.015808 0.997244 -0.07248 -14.92971 -0.331252 -0.073619 -0.940666 14.20288
240.0 -0.941376 0.006548 0.337296 174.627 -0.017754 0.997465 -0.068914 -15.03629 -0.336892 -0.070862 -0.938873 13.00435
241.0 -0.938934 0.004899 0.344063 175.0609 -0.01927 0.997581 -0.06679 -15.13842 -0.343558 -0.069342 -0.936568 11.81186
242.0 -0.936185 0.006838 0.351442 175.4926 -0.017291 0.997704 -0.065474 -15.23869 -0.351083 -0.067373 -0.933917 10.62387
243.0 -0.932902 0.007633 0.36005 175.9425 -0.017487 0.997636 -0.066459 -15.33995 -0.359706 -0.068296 -0.930563 9.442182
244.0 -0.929204 0.00959 0.369441 176.3996 -0.016369 0.997614 -0.067066 -15.44296 -0.369203 -0.068365 -0.926831 8.270144
245.0 -0.924978 0.012437 0.379817 176.8674 -0.014333 0.997611 -0.067572 -15.54426 -0.37975 -0.067947 -0.92259 7.090384
246.0 -0.920088 0.014067 0.391459 177.3568 -0.013785 0.997573 -0.068249 -15.64895 -0.391469 -0.068191 -0.917661 5.917093
247.0 -0.914402 0.016566 0.404469 177.8608 -0.012838 0.997473 -0.069877 -15.74904 -0.404604 -0.069089 -0.911878 4.751502
248.0 -0.908293 0.018514 0.417924 178.3814 -0.011493 0.997539 -0.069168 -15.85596 -0.418176 -0.067628 -0.905845 3.587553
249.0 -0.902053 0.018084 0.431247 178.9288 -0.011989 0.997687 -0.066914 -15.95971 -0.43146 -0.06553 -0.899749 2.434985
250.0 -0.895435 0.020257 0.444732 179.4976 -0.010427 0.997736 -0.06644 -16.05749 -0.445071 -0.06413 -0.893196 1.286303
251.0 -0.888548 0.023043 0.458204 180.0782 -0.008184 0.997783 -0.066049 -16.15417 -0.45871 -0.062438 -0.886389 0.151837
252.0 -0.881182 0.024668 0.472133 180.6758 -0.006112 0.99796 -0.063549 -16.25068 -0.472738 -0.058884 -0.879234 -0.971876
253.0 -0.873453 0.026342 0.486196 181.2884 -0.003474 0.998173 -0.060323 -16.34719 -0.486897 -0.054378 -0.871765 -2.083451
254.0 -0.865266 0.02933 0.500454 181.9124 4.7e-05 0.998292 -0.058426 -16.44108 -0.501313 -0.050531 -0.863789 -3.175742
255.0 -0.856111 0.032559 0.515765 182.5544 0.003562 0.998361 -0.057113 -16.53684 -0.516779 -0.047058 -0.854824 -4.252484
256.0 -0.84578 0.035473 0.532351 183.206 0.006694 0.998414 -0.055894 -16.62889 -0.533489 -0.04371 -0.844677 -5.31267
257.0 -0.834778 0.038539 0.549236 183.8767 0.010024 0.998446 -0.054823 -16.71309 -0.550495 -0.04026 -0.833867 -6.356535
258.0 -0.823501 0.040434 0.565871 184.5607 0.011854 0.998466 -0.054094 -16.78878 -0.56719 -0.037838 -0.822717 -7.384682
259.0 -0.811673 0.042548 0.58256 185.2717 0.013577 0.998448 -0.054007 -16.85989 -0.583954 -0.035927 -0.810991 -8.397022
260.0 -0.79894 0.044537 0.599759 186.0033 0.015392 0.998442 -0.053639 -16.93795 -0.601213 -0.033623 -0.798381 -9.39093
261.0 -0.785138 0.045632 0.617638 186.7509 0.017262 0.998507 -0.051827 -17.01685 -0.619081 -0.03003 -0.784753 -10.36879
262.0 -0.769859 0.046791 0.636496 187.524 0.01955 0.99857 -0.049762 -17.09398 -0.637914 -0.025867 -0.769673 -11.32239
263.0 -0.753157 0.049649 0.655965 188.3161 0.021594 0.998476 -0.050779 -17.17484 -0.657486 -0.02408 -0.753081 -12.24512
264.0 -0.735786 0.052576 0.67517 189.1165 0.0228 0.99834 -0.052894 -17.25841 -0.67683 -0.023525 -0.735763 -13.13563
265.0 -0.71792 0.053351 0.694078 189.9427 0.022519 0.998317 -0.053444 -17.34401 -0.695761 -0.022738 -0.717913 -14.00312
266.0 -0.698804 0.053345 0.713322 190.7892 0.022431 0.998359 -0.052687 -17.42978 -0.714962 -0.020818 -0.698853 -14.84446
267.0 -0.678833 0.052708 0.732398 191.6657 0.020884 0.998403 -0.052494 -17.5155 -0.733995 -0.020339 -0.67885 -15.65688
268.0 -0.658347 0.052836 0.750858 192.5591 0.019149 0.998386 -0.053464 -17.60506 -0.752471 -0.020819 -0.658296 -16.43657
269.0 -0.637558 0.052406 0.768618 193.4648 0.016876 0.998394 -0.054074 -17.68808 -0.770218 -0.021504 -0.637418 -17.19672
270.0 -0.616196 0.052187 0.785862 194.3859 0.015872 0.998422 -0.053857 -17.76122 -0.787433 -0.020713 -0.616053 -17.93122
271.0 -0.593621 0.0519 0.803069 195.3232 0.016176 0.998486 -0.052572 -17.83289 -0.804582 -0.018218 -0.593562 -18.64428
272.0 -0.569442 0.052133 0.820377 196.2565 0.016031 0.998501 -0.052325 -17.90335 -0.821875 -0.016645 -0.569425 -19.32892
273.0 -0.544003 0.05521 0.837265 197.2261 0.018098 0.998373 -0.054075 -17.9762 -0.838888 -0.014264 -0.544117 -19.9808
274.0 -0.517133 0.05633 0.85405 198.2141 0.018602 0.998336 -0.054582 -18.04905 -0.855703 -0.012339 -0.51732 -20.60575
275.0 -0.489925 0.054882 0.870035 199.2336 0.017162 0.99843 -0.053317 -18.12215 -0.871595 -0.01119 -0.490098 -21.1904
276.0 -0.46184 0.052663 0.885399 200.2718 0.016145 0.998569 -0.050973 -18.19392 -0.886817 -0.009247 -0.462029 -21.74303
277.0 -0.432249 0.053324 0.900176 201.3106 0.016633 0.998552 -0.051165 -18.27035 -0.901601 -0.007143 -0.43251 -22.26336
278.0 -0.401181 0.055806 0.914297 202.3713 0.017256 0.998426 -0.053369 -18.33982 -0.915836 -0.005634 -0.401512 -22.74978
279.0 -0.369135 0.057481 0.927597 203.4483 0.018971 0.998344 -0.054316 -18.40364 -0.929182 -0.002452 -0.369614 -23.20318
280.0 -0.336937 0.058175 0.939728 204.5291 0.020996 0.998305 -0.054273 -18.47329 -0.941293 0.001444 -0.337587 -23.61922
281.0 -0.304117 0.057462 0.9509 205.6382 0.020995 0.998341 -0.053615 -18.54755 -0.952403 0.003659 -0.304819 -23.99109
282.0 -0.270402 0.056568 0.961084 206.7589 0.02278 0.998369 -0.052354 -18.62449 -0.962478 0.007737 -0.271249 -24.32519
283.0 -0.236194 0.054236 0.970191 207.9046 0.022539 0.998478 -0.050331 -18.70354 -0.971445 0.009979 -0.237057 -24.61443
284.0 -0.201124 0.052871 0.978138 209.0532 0.023513 0.998515 -0.049138 -18.78448 -0.979283 0.013116 -0.202069 -24.86248
285.0 -0.165778 0.052063 0.984788 210.1843 0.024454 0.998515 -0.048672 -18.8643 -0.98586 0.016014 -0.166805 -25.06817
286.0 -0.130022 0.051771 0.990159 211.3358 0.024938 0.998491 -0.048932 -18.94167 -0.991197 0.01833 -0.131117 -25.22909
287.0 -0.094169 0.051458 0.994225 212.4889 0.025701 0.998456 -0.049243 -19.02022 -0.995224 0.020915 -0.095346 -25.34952
288.0 -0.058737 0.051634 0.996937 213.6307 0.024612 0.998433 -0.050262 -19.10093 -0.99797 0.021585 -0.059916 -25.42449
289.0 -0.024079 0.051441 0.998386 214.7979 0.023957 0.998418 -0.050865 -19.17493 -0.999423 0.022693 -0.025274 -25.46063
290.0 0.009577 0.050254 0.998691 215.9576 0.022925 0.998463 -0.050462 -19.24675 -0.999691 0.023378 0.00841 -25.45508
291.0 0.042759 0.050339 0.997816 217.117 0.021529 0.998452 -0.051294 -19.32543 -0.998853 0.023675 0.041609 -25.40746
292.0 0.075859 0.050334 0.995847 218.2711 0.022322 0.998389 -0.052163 -19.40655 -0.996869 0.026186 0.074613 -25.31946
293.0 0.108123 0.048255 0.992966 219.4167 0.023357 0.998422 -0.051064 -19.48433 -0.993863 0.028714 0.106825 -25.19951
294.0 0.139513 0.046597 0.989123 220.5719 0.02455 0.998422 -0.050498 -19.56459 -0.989916 0.031328 0.138149 -25.03982
295.0 0.169906 0.046542 0.984361 221.7231 0.025725 0.998334 -0.051643 -19.64163 -0.985124 0.034097 0.168426 -24.84743
296.0 0.199927 0.046326 0.978715 222.8707 0.027598 0.998219 -0.052886 -19.71631 -0.979422 0.037584 0.198292 -24.62354
297.0 0.229994 0.045348 0.972135 224.0212 0.029683 0.998122 -0.053583 -19.7906 -0.972739 0.04118 0.228216 -24.36371
298.0 0.260294 0.043641 0.964543 225.1627 0.032229 0.998029 -0.053853 -19.86716 -0.964991 0.045104 0.258375 -24.06861
299.0 0.290268 0.041985 0.956024 226.3 0.034007 0.997953 -0.054152 -19.94366 -0.956341 0.04823 0.288246 -23.7371
300.0 0.319952 0.040929 0.946549 227.4299 0.03704 0.997762 -0.055663 -20.02061 -0.946709 0.05287 0.31772 -23.37292
301.0 0.34859 0.040316 0.936408 228.5386 0.037497 0.997675 -0.056913 -20.09904 -0.936525 0.054952 0.346268 -22.97037
302.0 0.376723 0.038306 0.925534 229.6486 0.038163 0.997654 -0.056824 -20.17834 -0.925539 0.056728 0.374377 -22.53278
303.0 0.404749 0.03727 0.913668 230.7475 0.038192 0.997608 -0.057612 -20.25931 -0.91363 0.058213 0.402358 -22.0587
304.0 0.43307 0.03809 0.900555 231.8181 0.039219 0.997364 -0.061044 -20.34293 -0.900506 0.061755 0.430435 -21.5549
305.0 0.46123 0.038771 0.886433 232.8868 0.040536 0.997081 -0.064702 -20.42941 -0.886354 0.065775 0.458312 -21.01599
306.0 0.48856 0.037715 0.871715 233.9284 0.041455 0.996934 -0.066366 -20.52253 -0.871545 0.068561 0.485499 -20.44385
307.0 0.515105 0.034537 0.856431 234.9792 0.042244 0.996951 -0.065612 -20.60518 -0.856086 0.069976 0.512075 -19.83554
308.0 0.540219 0.032369 0.840902 236.0124 0.041565 0.997014 -0.065081 -20.68599 -0.840498 0.07011 0.53726 -19.19422
309.0 0.56333 0.03211 0.825608 237.0196 0.039719 0.997037 -0.065878 -20.76805 -0.825276 0.069904 0.560386 -18.52677
310.0 0.584333 0.03216 0.810877 238.016 0.038408 0.996999 -0.067219 -20.86008 -0.810605 0.070423 0.581344 -17.82777
311.0 0.603799 0.030828 0.79654 238.9997 0.037396 0.997056 -0.066935 -20.95439 -0.796259 0.070203 0.600869 -17.10277
312.0 0.622078 0.028215 0.782447 239.961 0.036916 0.997182 -0.065308 -21.04741 -0.782084 0.069512 0.619283 -16.35594
313.0 0.639162 0.024901 0.768669 240.9137 0.037806 0.99725 -0.063742 -21.13844 -0.768142 0.069802 0.636463 -15.58475
314.0 0.655214 0.022521 0.755107 241.8488 0.038407 0.99727 -0.063071 -21.22694 -0.754466 0.070326 0.65256 -14.79112
315.0 0.670549 0.020116 0.741592 242.7798 0.040029 0.997195 -0.063243 -21.30601 -0.740784 0.072093 0.667863 -13.98455
316.0 0.685554 0.019658 0.727756 243.6978 0.039738 0.997135 -0.064368 -21.39183 -0.726936 0.073047 0.682809 -13.15891
317.0 0.700546 0.018205 0.713375 244.5843 0.04016 0.997084 -0.064883 -21.48418 -0.712477 0.074102 0.697772 -12.30142
318.0 0.715322 0.016063 0.69861 245.4585 0.03946 0.997212 -0.063332 -21.58194 -0.69768 0.07287 0.712694 -11.41406
319.0 0.729436 0.012716 0.683931 246.3238 0.039699 0.997355 -0.060883 -21.66508 -0.682896 0.071561 0.727002 -10.51863
320.0 0.743388 0.011079 0.668769 247.1693 0.039515 0.997389 -0.060448 -21.74737 -0.667693 0.071362 0.741009 -9.605238
321.0 0.756859 0.010011 0.653501 247.997 0.041092 0.997176 -0.062867 -21.83017 -0.652285 0.074435 0.75431 -8.674394
322.0 0.76939 0.009692 0.638706 248.8108 0.041264 0.997042 -0.064836 -21.91923 -0.637445 0.07624 0.766714 -7.723093
323.0 0.780977 0.008669 0.6245 249.6079 0.040511 0.997095 -0.064503 -22.00935 -0.623245 0.075674 0.778357 -6.7494
324.0 0.791924 0.006269 0.610588 250.3906 0.040621 0.997191 -0.062923 -22.10053 -0.609267 0.074633 0.789445 -5.75931
325.0 0.802534 0.00305 0.596598 251.1588 0.042085 0.997206 -0.061711 -22.19183 -0.59512 0.074633 0.800164 -4.750831
326.0 0.812446 0.002352 0.583031 251.9117 0.04227 0.997123 -0.062925 -22.28256 -0.581502 0.075768 0.810009 -3.727347
327.0 0.821564 -8e-05 0.570116 252.6556 0.045345 0.996841 -0.065206 -22.37398 -0.56831 0.079423 0.818972 -2.686673
328.0 0.830093 -0.002521 0.557619 253.3816 0.046912 0.996761 -0.065328 -22.46494 -0.555648 0.080388 0.827522 -1.629795
329.0 0.837888 -0.006169 0.545808 254.0996 0.048949 0.996757 -0.063877 -22.55787 -0.543643 0.080239 0.835472 -0.556907
330.0 0.844817 -0.007197 0.535007 254.8065 0.0499 0.996611 -0.065388 -22.65094 -0.532724 0.081937 0.842313 0.534019
331.0 0.850442 -0.008997 0.525993 255.4974 0.050766 0.996591 -0.065034 -22.74419 -0.523614 0.08201 0.847999 1.628717
332.0 0.854434 -0.009782 0.519467 256.1826 0.050068 0.99672 -0.063583 -22.83906 -0.517141 0.080336 0.852121 2.742665
333.0 0.857385 -0.011357 0.514551 256.864 0.050499 0.996789 -0.062144 -22.93222 -0.512193 0.079265 0.855205 3.86241
334.0 0.860017 -0.012117 0.510121 257.54 0.05048 0.996834 -0.061425 -23.02562 -0.507762 0.078578 0.857906 4.989321
335.0 0.862497 -0.01352 0.505881 258.2139 0.051806 0.99675 -0.061688 -23.11631 -0.503403 0.079413 0.860394 6.122792
336.0 0.864683 -0.015579 0.502077 258.8844 0.052555 0.996839 -0.059579 -23.20738 -0.499562 0.077903 0.862768 7.263272
337.0 0.866799 -0.017762 0.498341 259.5538 0.05415 0.996808 -0.058659 -23.29792 -0.495708 0.077831 0.864995 8.410914
338.0 0.869076 -0.019138 0.494308 260.2177 0.055584 0.996701 -0.059138 -23.38751 -0.491545 0.078871 0.867273 9.561299
339.0 0.871217 -0.020145 0.490484 260.8776 0.05634 0.996659 -0.059137 -23.47785 -0.487654 0.079155 0.869441 10.71832
