0.000000000000000000e+00 1.000000000000000000e+00 0.000000000000000000e+00 0.000000000000000000e+00 0.000000000000000000e+00 0.000000000000000000e+00 1.000000000000000000e+00 0.000000000000000000e+00 0.000000000000000000e+00 0.000000000000000000e+00 0.000000000000000000e+00 1.000000000000000000e+00 0.000000000000000000e+00
1.000000 0.999997 -0.002220 -0.001304 0.005543 0.002224 0.999994 0.002660 -0.030477 0.001298 -0.002662 0.999996 1.528975
2.000000 0.999992 -0.003007 -0.002826 0.005664 0.003017 0.999989 0.003536 -0.060130 0.002815 -0.003544 0.999990 3.052409
3.000000 0.999989 -0.002129 -0.004206 0.003267 0.002142 0.999993 0.003140 -0.088382 0.004199 -0.003149 0.999986 4.566315
4.000000 0.999983 -0.001525 -0.005644 -0.006649 0.001543 0.999994 0.003188 -0.110715 0.005639 -0.003197 0.999979 6.079413
5.000000 0.999975 -0.001626 -0.006926 -0.018432 0.001651 0.999992 0.003642 -0.131435 0.006920 -0.003653 0.999969 7.615299
6.000000 0.999962 -0.001740 -0.008516 -0.031716 0.001772 0.999991 0.003820 -0.152958 0.008510 -0.003835 0.999956 9.099118
7.000000 0.999941 -0.003536 -0.010287 -0.044810 0.003567 0.999989 0.002972 -0.174369 0.010277 -0.003009 0.999943 10.599340
8.000000 0.999921 -0.004713 -0.011639 -0.061940 0.004751 0.999983 0.003263 -0.189033 0.011623 -0.003318 0.999927 12.094230
9.000000 0.999905 -0.004750 -0.012910 -0.081952 0.004794 0.999983 0.003373 -0.205787 0.012894 -0.003435 0.999911 13.587370
10.000000 0.999892 -0.004229 -0.014077 -0.107780 0.004272 0.999986 0.003009 -0.224905 0.014064 -0.003069 0.999896 15.075940
11.000000 0.999891 -0.002623 -0.014555 -0.138347 0.002677 0.999990 0.003644 -0.249241 0.014545 -0.003683 0.999887 16.560390
12.000000 0.999887 -0.001053 -0.015000 -0.172757 0.001119 0.999990 0.004364 -0.272318 0.014995 -0.004380 0.999878 18.042800
13.000000 0.999879 -0.000025 -0.015573 -0.205848 0.000105 0.999987 0.005179 -0.295776 0.015573 -0.005180 0.999865 19.516420
14.000000 0.999872 -0.000024 -0.016009 -0.238687 0.000110 0.999985 0.005384 -0.313279 0.016009 -0.005385 0.999857 20.989680
15.000000 0.999864 0.000441 -0.016510 -0.267875 -0.000351 0.999985 0.005485 -0.328015 0.016512 -0.005479 0.999849 22.451640
16.000000 0.999862 0.001119 -0.016547 -0.297799 -0.001019 0.999981 0.006060 -0.341478 0.016554 -0.006042 0.999845 23.908710
17.000000 0.999861 0.002050 -0.016516 -0.328690 -0.001931 0.999972 0.007207 -0.356600 0.016530 -0.007174 0.999838 25.360990
18.000000 0.999862 0.002377 -0.016454 -0.358400 -0.002273 0.999977 0.006380 -0.370178 0.016469 -0.006342 0.999844 26.802010
19.000000 0.999862 0.002769 -0.016383 -0.388164 -0.002708 0.999989 0.003731 -0.390378 0.016393 -0.003686 0.999859 28.235090
20.000000 0.999870 0.001170 -0.016089 -0.415687 -0.001111 0.999993 0.003664 -0.412746 0.016094 -0.003646 0.999864 29.660600
21.000000 0.999875 0.000210 -0.015821 -0.442803 -0.000109 0.999979 0.006420 -0.435060 0.015822 -0.006418 0.999854 31.082040
22.000000 0.999876 -0.001461 -0.015651 -0.467863 0.001587 0.999967 0.008021 -0.453966 0.015639 -0.008044 0.999845 32.493370
23.000000 0.999878 -0.002448 -0.015404 -0.493712 0.002560 0.999970 0.007241 -0.467809 0.015386 -0.007279 0.999855 33.887890
24.000000 0.999885 -0.002351 -0.014992 -0.523018 0.002435 0.999982 0.005540 -0.484516 0.014979 -0.005575 0.999872 35.271990
25.000000 0.999896 -0.001558 -0.014356 -0.554867 0.001621 0.999989 0.004392 -0.502710 0.014349 -0.004415 0.999887 36.639730
26.000000 0.999909 -0.000867 -0.013455 -0.583161 0.000919 0.999992 0.003871 -0.523700 0.013451 -0.003883 0.999902 37.995990
27.000000 0.999924 -0.000314 -0.012311 -0.611006 0.000371 0.999989 0.004555 -0.544680 0.012310 -0.004559 0.999914 39.330190
28.000000 0.999943 0.000334 -0.010705 -0.635159 -0.000261 0.999977 0.006834 -0.565087 0.010707 -0.006831 0.999919 40.654010
29.000000 0.999959 -0.000271 -0.009046 -0.655974 0.000343 0.999968 0.007991 -0.583770 0.009043 -0.007993 0.999927 41.957190
30.000000 0.999977 0.000068 -0.006760 -0.673187 -0.000010 0.999964 0.008478 -0.601223 0.006760 -0.008478 0.999941 43.239550
31.000000 0.999994 0.000055 -0.003365 -0.686542 -0.000027 0.999965 0.008351 -0.617819 0.003366 -0.008350 0.999959 44.502890
32.000000 1.000000 -0.000785 0.000322 -0.693588 0.000783 0.999981 0.006190 -0.635024 -0.000327 -0.006189 0.999981 45.744130
33.000000 0.999992 -0.001100 0.003803 -0.695957 0.001083 0.999989 0.004560 -0.652671 -0.003808 -0.004555 0.999982 46.977480
34.000000 0.999969 -0.000677 0.007862 -0.700199 0.000637 0.999987 0.005149 -0.664545 -0.007865 -0.005144 0.999956 48.197740
35.000000 0.999913 -0.000262 0.013158 -0.697523 0.000194 0.999987 0.005192 -0.678188 -0.013159 -0.005189 0.999900 49.407410
36.000000 0.999804 0.001185 0.019745 -0.690361 -0.001267 0.999991 0.004133 -0.689998 -0.019740 -0.004157 0.999796 50.605530
37.000000 0.999627 0.002727 0.027181 -0.675970 -0.002833 0.999988 0.003862 -0.702069 -0.027171 -0.003938 0.999623 51.791270
38.000000 0.999359 0.003729 0.035594 -0.647375 -0.003917 0.999979 0.005225 -0.712611 -0.035573 -0.005361 0.999353 52.968800
39.000000 0.998933 0.005956 0.045799 -0.609462 -0.006221 0.999965 0.005655 -0.723103 -0.045764 -0.005934 0.998935 54.132960
40.000000 0.998239 0.008248 0.058742 -0.560062 -0.008602 0.999946 0.005770 -0.729777 -0.058691 -0.006265 0.998256 55.281100
41.000000 0.997244 0.010306 0.073467 -0.493410 -0.010796 0.999922 0.006287 -0.739077 -0.073396 -0.007062 0.997278 56.412190
42.000000 0.995886 0.012646 0.089727 -0.411112 -0.013361 0.999884 0.007371 -0.746905 -0.089624 -0.008540 0.995939 57.531050
43.000000 0.994135 0.012878 0.107377 -0.304374 -0.013903 0.999865 0.008804 -0.755216 -0.107249 -0.010245 0.994179 58.640150
44.000000 0.991900 0.012547 0.126397 -0.177259 -0.013694 0.999873 0.008206 -0.763742 -0.126277 -0.009871 0.991946 59.731590
45.000000 0.989131 0.011676 0.146575 -0.030280 -0.012821 0.999894 0.006865 -0.770958 -0.146479 -0.008670 0.989176 60.807340
46.000000 0.985858 0.009109 0.167337 0.141416 -0.010291 0.999928 0.006197 -0.780199 -0.167268 -0.007832 0.985880 61.868390
47.000000 0.981966 0.003794 0.189023 0.342924 -0.005471 0.999950 0.008355 -0.790571 -0.188981 -0.009238 0.981937 62.912910
48.000000 0.977305 -0.001709 0.211832 0.568852 -0.000475 0.999947 0.010258 -0.799153 -0.211839 -0.010126 0.977252 63.940690
49.000000 0.971869 -0.006881 0.235421 0.822607 0.004699 0.999941 0.009828 -0.802662 -0.235475 -0.008445 0.971844 64.949000
50.000000 0.965465 -0.013312 0.260191 1.098599 0.011666 0.999901 0.007868 -0.805628 -0.260270 -0.004561 0.965525 65.934810
51.000000 0.958072 -0.017285 0.286006 1.400581 0.015629 0.999845 0.008074 -0.804874 -0.286102 -0.003265 0.958194 66.903860
52.000000 0.949561 -0.020055 0.312942 1.719450 0.017625 0.999788 0.010593 -0.809922 -0.313088 -0.004544 0.949713 67.856210
53.000000 0.939960 -0.024307 0.340418 2.070873 0.020827 0.999687 0.013873 -0.811622 -0.340649 -0.005950 0.940172 68.791550
54.000000 0.929172 -0.028002 0.368586 2.445156 0.024719 0.999602 0.013628 -0.813126 -0.368821 -0.003552 0.929494 69.702430
55.000000 0.917215 -0.027345 0.397452 2.836652 0.025449 0.999626 0.010046 -0.813915 -0.397578 0.000900 0.917568 70.588360
56.000000 0.904160 -0.028612 0.426236 3.253649 0.029448 0.999556 0.004629 -0.816667 -0.426179 0.008367 0.904600 71.452720
57.000000 0.890073 -0.030669 0.454784 3.697183 0.033537 0.999436 0.001762 -0.821755 -0.454582 0.013683 0.890600 72.300100
58.000000 0.874523 -0.031996 0.483927 4.165770 0.033865 0.999414 0.004879 -0.826572 -0.483799 0.012122 0.875095 73.132200
59.000000 0.856968 -0.031224 0.514423 4.656399 0.029915 0.999494 0.010832 -0.832648 -0.514501 0.006107 0.857468 73.951340
60.000000 0.837521 -0.031354 0.545505 5.171922 0.027166 0.999507 0.015740 -0.837906 -0.545729 0.001637 0.837960 74.740420
61.000000 0.816496 -0.025946 0.576768 5.707425 0.024162 0.999650 0.010765 -0.839716 -0.576845 0.005146 0.816837 75.501370
62.000000 0.794646 -0.019168 0.606771 6.267395 0.021430 0.999764 0.003516 -0.840273 -0.606695 0.010209 0.794869 76.235920
63.000000 0.772239 -0.016424 0.635119 6.852965 0.020558 0.999788 0.000857 -0.843650 -0.634999 0.012395 0.772414 76.941870
64.000000 0.749050 -0.019302 0.662232 7.469758 0.021961 0.999750 0.004299 -0.850715 -0.662149 0.011324 0.749286 77.627140
65.000000 0.724733 -0.019538 0.688753 8.102844 0.021167 0.999757 0.006088 -0.862081 -0.688705 0.010166 0.724970 78.284060
66.000000 0.699460 -0.018264 0.714439 8.750799 0.022699 0.999737 0.003334 -0.870241 -0.714311 0.013886 0.699690 78.905900
67.000000 0.673340 -0.015817 0.739164 9.420955 0.022909 0.999737 0.000524 -0.876219 -0.738978 0.016581 0.673526 79.506400
68.000000 0.646403 -0.013424 0.762878 10.109370 0.020857 0.999782 -0.000080 -0.884468 -0.762711 0.015963 0.646542 80.081580
69.000000 0.618620 -0.012396 0.785592 10.823450 0.021200 0.999775 -0.000919 -0.896309 -0.785404 0.017223 0.618744 80.634320
70.000000 0.590101 -0.006313 0.807305 11.554040 0.020239 0.999771 -0.006975 -0.910395 -0.807076 0.020455 0.590093 81.161680
71.000000 0.560245 0.002835 0.828322 12.298230 0.018923 0.999689 -0.016221 -0.944079 -0.828111 0.024762 0.560017 81.675430
72.000000 0.529597 0.011272 0.848174 13.066210 0.018357 0.999525 -0.024745 -0.989975 -0.848051 0.028674 0.529139 82.178440
73.000000 0.498018 0.016318 0.867013 13.856360 0.016122 0.999476 -0.028072 -1.044292 -0.867017 0.027958 0.497494 82.660540
74.000000 0.465662 0.015828 0.884821 14.670860 0.013814 0.999588 -0.025151 -1.091171 -0.884855 0.023934 0.465251 83.102770
75.000000 0.432752 0.014185 0.901401 15.504950 0.009386 0.999751 -0.020239 -1.141769 -0.901464 0.017219 0.432511 83.526400
76.000000 0.398568 0.015069 0.917015 16.351880 0.005370 0.999810 -0.018763 -1.182920 -0.917123 0.012403 0.398411 83.905960
77.000000 0.363439 0.018019 0.931444 17.218840 -0.001325 0.999822 -0.018825 -1.223975 -0.931617 0.005608 0.363398 84.266300
78.000000 0.327688 0.020195 0.944570 18.101340 -0.006744 0.999796 -0.019036 -1.258474 -0.944762 -0.000133 0.327758 84.588810
79.000000 0.291584 0.019346 0.956350 19.003450 -0.009648 0.999804 -0.017283 -1.292921 -0.956496 -0.004188 0.291714 84.873690
80.000000 0.255416 0.018987 0.966645 19.920320 -0.010462 0.999803 -0.016874 -1.333845 -0.966775 -0.005803 0.255564 85.122860
81.000000 0.219592 0.018168 0.975422 20.853170 -0.009855 0.999817 -0.016404 -1.389328 -0.975542 -0.006010 0.219731 85.339470
82.000000 0.184261 0.017268 0.982726 21.796220 -0.007939 0.999839 -0.016080 -1.441902 -0.982845 -0.004839 0.184369 85.515920
83.000000 0.149706 0.015483 0.988609 22.749790 -0.000462 0.999878 -0.015590 -1.487418 -0.988730 0.001877 0.149695 85.654020
84.000000 0.116109 0.018703 0.993060 23.704110 0.003197 0.999811 -0.019204 -1.536455 -0.993231 0.005405 0.116028 85.757740
85.000000 0.083471 0.024498 0.996209 24.663360 0.003601 0.999684 -0.024886 -1.578857 -0.996504 0.005664 0.083356 85.838750
86.000000 0.054115 0.028112 0.998139 25.626250 0.010296 0.999535 -0.028710 -1.637414 -0.998482 0.011831 0.053800 85.884050
87.000000 0.028448 0.027693 0.999212 26.596700 0.013164 0.999519 -0.028076 -1.686769 -0.999509 0.013952 0.028070 85.903500
88.000000 0.005896 0.023764 0.999700 27.577740 0.014080 0.999617 -0.023845 -1.740061 -0.999883 0.014217 0.005560 85.908200
89.000000 -0.013229 0.020554 0.999701 28.560610 0.014366 0.999689 -0.020364 -1.785582 -0.999809 0.014092 -0.013520 85.892040
90.000000 -0.029742 0.023439 0.999283 29.539120 0.016292 0.999604 -0.022962 -1.850372 -0.999425 0.015598 -0.030112 85.860020
91.000000 -0.044512 0.029173 0.998583 30.520560 0.018972 0.999418 -0.028352 -1.910044 -0.998829 0.017683 -0.045039 85.809600
92.000000 -0.056447 0.033137 0.997856 31.506110 0.023354 0.999219 -0.031861 -1.968582 -0.998132 0.021505 -0.057177 85.746100
93.000000 -0.065587 0.036968 0.997162 32.495530 0.029362 0.998952 -0.035104 -2.034292 -0.997415 0.026976 -0.066604 85.669740
94.000000 -0.071332 0.042013 0.996568 33.485230 0.032943 0.998667 -0.039743 -2.096511 -0.996908 0.029995 -0.072621 85.587500
95.000000 -0.074980 0.047367 0.996059 34.475740 0.034848 0.998386 -0.044854 -2.165170 -0.996576 0.031348 -0.076509 85.505850
96.000000 -0.077721 0.051002 0.995670 35.473920 0.037102 0.998147 -0.048233 -2.230292 -0.996285 0.033193 -0.079469 85.419290
97.000000 -0.080411 0.054556 0.995268 36.474090 0.037553 0.997958 -0.051669 -2.302430 -0.996054 0.033221 -0.082295 85.332820
98.000000 -0.082770 0.057129 0.994930 37.476230 0.038438 0.997796 -0.054095 -2.372412 -0.995827 0.033765 -0.084784 85.243530
99.000000 -0.084668 0.061262 0.994524 38.479390 0.039504 0.997530 -0.058084 -2.446547 -0.995626 0.034370 -0.086879 85.150930
100.000000 -0.086685 0.062956 0.994245 39.487940 0.042221 0.997337 -0.059470 -2.531911 -0.995341 0.036823 -0.089113 85.047110
101.000000 -0.088706 0.062058 0.994123 40.504910 0.042522 0.997383 -0.058468 -2.620466 -0.995150 0.037086 -0.091112 84.943350
102.000000 -0.091197 0.060786 0.993976 41.523140 0.041369 0.997505 -0.057206 -2.703793 -0.994973 0.035902 -0.093485 84.840110
103.000000 -0.093180 0.062368 0.993694 42.541540 0.041892 0.997398 -0.058672 -2.782434 -0.994768 0.036160 -0.095551 84.733400
104.000000 -0.095653 0.064259 0.993339 43.563210 0.040687 0.997333 -0.060599 -2.862846 -0.994583 0.034619 -0.098013 84.626390
105.000000 -0.098267 0.066807 0.992915 44.591610 0.039327 0.997225 -0.063205 -2.947049 -0.994383 0.032838 -0.100622 84.512730
106.000000 -0.100822 0.070173 0.992427 45.623900 0.037149 0.997079 -0.066728 -3.034107 -0.994211 0.030140 -0.103134 84.396160
107.000000 -0.103037 0.074545 0.991880 46.658340 0.033830 0.996873 -0.071406 -3.121719 -0.994102 0.026198 -0.105237 84.280260
108.000000 -0.105562 0.077140 0.991416 47.698590 0.031586 0.996744 -0.074191 -3.212409 -0.993911 0.023483 -0.107654 84.159740
109.000000 -0.108252 0.075684 0.991238 48.742650 0.029801 0.996897 -0.072861 -3.300682 -0.993677 0.021653 -0.110171 84.037990
110.000000 -0.111340 0.071231 0.991226 49.797670 0.026420 0.997287 -0.068699 -3.399467 -0.993431 0.018539 -0.112920 83.911790
111.000000 -0.113916 0.069596 0.991050 50.851300 0.026272 0.997405 -0.067022 -3.491219 -0.993143 0.018402 -0.115449 83.780360
112.000000 -0.115825 0.069850 0.990811 51.907090 0.025982 0.997396 -0.067277 -3.581332 -0.992930 0.017951 -0.117338 83.645930
113.000000 -0.117150 0.072634 0.990455 52.962840 0.027376 0.997179 -0.069889 -3.668473 -0.992737 0.018928 -0.118808 83.508730
114.000000 -0.117772 0.075417 0.990173 54.021280 0.027904 0.996969 -0.072616 -3.758476 -0.992649 0.019078 -0.119519 83.370120
115.000000 -0.118204 0.076597 0.990031 55.089510 0.027081 0.996898 -0.073895 -3.853303 -0.992620 0.018076 -0.119912 83.231180
116.000000 -0.118078 0.074829 0.990181 56.162170 0.023743 0.997084 -0.072520 -3.946919 -0.992720 0.014947 -0.119510 83.096740
117.000000 -0.118312 0.074503 0.990178 57.236480 0.019998 0.997158 -0.072639 -4.043440 -0.992775 0.011207 -0.119465 82.963200
118.000000 -0.118414 0.075365 0.990100 58.312250 0.016294 0.997129 -0.073951 -4.137484 -0.992830 0.007375 -0.119302 82.831880
119.000000 -0.118791 0.075704 0.990029 59.394280 0.012258 0.997125 -0.074776 -4.235523 -0.992843 0.003253 -0.119378 82.698320
120.000000 -0.119283 0.074812 0.990038 60.484150 0.008650 0.997198 -0.074311 -4.332877 -0.992823 -0.000300 -0.119595 82.564450
121.000000 -0.119676 0.069891 0.990350 61.589470 0.008555 0.997555 -0.069366 -4.427686 -0.992776 0.000171 -0.119981 82.420070
122.000000 -0.119974 0.061478 0.990872 62.692010 0.011562 0.998100 -0.060526 -4.507440 -0.992710 0.004195 -0.120457 82.276360
123.000000 -0.119989 0.054828 0.991260 63.801630 0.016247 0.998448 -0.053259 -4.575110 -0.992642 0.009714 -0.120694 82.126570
124.000000 -0.119190 0.057536 0.991203 64.902990 0.025025 0.998177 -0.054931 -4.637324 -0.992556 0.018258 -0.120413 81.971730
125.000000 -0.117948 0.063490 0.990988 66.006750 0.031175 0.997699 -0.060210 -4.698824 -0.992530 0.023793 -0.119656 81.818470
126.000000 -0.117073 0.069162 0.990712 67.115350 0.034552 0.997252 -0.065535 -4.769758 -0.992522 0.026559 -0.119141 81.671290
127.000000 -0.116345 0.072950 0.990526 68.228420 0.035648 0.996963 -0.069236 -4.848159 -0.992569 0.027255 -0.118592 81.527370
128.000000 -0.116371 0.071988 0.990594 69.352940 0.032858 0.997103 -0.068601 -4.927907 -0.992662 0.024565 -0.118399 81.388340
129.000000 -0.116135 0.066914 0.990977 70.485000 0.030721 0.997493 -0.063754 -5.011017 -0.992758 0.023039 -0.117899 81.248710
130.000000 -0.115947 0.063944 0.991195 71.621160 0.029161 0.997714 -0.060953 -5.086994 -0.992827 0.021837 -0.117547 81.110250
131.000000 -0.115828 0.064760 0.991156 72.753110 0.027804 0.997693 -0.061938 -5.162949 -0.992880 0.020384 -0.117361 80.972660
132.000000 -0.115625 0.069213 0.990879 73.889090 0.028040 0.997399 -0.066396 -5.241054 -0.992897 0.020107 -0.117265 80.831410
133.000000 -0.114933 0.073149 0.990676 75.027550 0.028375 0.997120 -0.070333 -5.323826 -0.992968 0.020027 -0.116677 80.689620
134.000000 -0.114561 0.072155 0.990792 76.177790 0.028432 0.997188 -0.069333 -5.409080 -0.993009 0.020228 -0.116290 80.547530
135.000000 -0.114032 0.064119 0.991406 77.339480 0.029572 0.997692 -0.061124 -5.493650 -0.993037 0.022347 -0.115665 80.402860
136.000000 -0.114225 0.063258 0.991439 78.496840 0.029375 0.997749 -0.060277 -5.575395 -0.993020 0.022239 -0.115826 80.260700
137.000000 -0.114117 0.066380 0.991247 79.653850 0.027212 0.997600 -0.063673 -5.653289 -0.993094 0.019707 -0.115650 80.122420
138.000000 -0.113867 0.069565 0.991058 80.814430 0.026692 0.997400 -0.066944 -5.733271 -0.993137 0.018831 -0.115427 79.981940
139.000000 -0.113774 0.069064 0.991103 81.988660 0.025831 0.997449 -0.066541 -5.820181 -0.993171 0.018031 -0.115268 79.840840
140.000000 -0.113327 0.065787 0.991377 83.149110 0.025024 0.997678 -0.063344 -5.906836 -0.993243 0.017629 -0.114711 79.701800
141.000000 -0.112330 0.064501 0.991575 84.311560 0.025874 0.997742 -0.061971 -5.991644 -0.993334 0.018694 -0.113746 79.560560
142.000000 -0.110870 0.064727 0.991725 85.481330 0.027331 0.997698 -0.062061 -6.073437 -0.993459 0.020224 -0.112384 79.418610
143.000000 -0.109685 0.065189 0.991827 86.655740 0.030070 0.997608 -0.062244 -6.143337 -0.993511 0.022997 -0.111382 79.274160
144.000000 -0.108518 0.064742 0.991984 87.843140 0.029759 0.997641 -0.061856 -6.220092 -0.993649 0.022808 -0.110189 79.132970
145.000000 -0.107126 0.065551 0.992082 89.030340 0.031053 0.997558 -0.062559 -6.292724 -0.993760 0.024106 -0.108900 78.991780
146.000000 -0.106084 0.063038 0.992357 90.239250 0.031279 0.997706 -0.060034 -6.375416 -0.993865 0.024672 -0.107813 78.850040
147.000000 -0.105070 0.062443 0.992503 91.452740 0.029950 0.997773 -0.059604 -6.458889 -0.994014 0.023463 -0.106706 78.712050
148.000000 -0.103760 0.062006 0.992668 92.666390 0.030985 0.997772 -0.059087 -6.542150 -0.994120 0.024627 -0.105451 78.573360
149.000000 -0.102178 0.062563 0.992797 93.887430 0.029411 0.997774 -0.059850 -6.627664 -0.994331 0.023084 -0.103790 78.437810
150.000000 -0.100606 0.065531 0.992766 95.109110 0.029786 0.997580 -0.062830 -6.713115 -0.994480 0.023249 -0.102314 78.302620
151.000000 -0.099454 0.065308 0.992897 96.338040 0.028011 0.997632 -0.062814 -6.798660 -0.994648 0.021565 -0.101048 78.171550
152.000000 -0.099033 0.062642 0.993111 97.569350 0.023880 0.997879 -0.060561 -6.882331 -0.994798 0.017718 -0.100318 78.057650
153.000000 -0.098867 0.063762 0.993056 98.802080 0.021453 0.997850 -0.061934 -6.966266 -0.994869 0.015181 -0.100022 77.939830
154.000000 -0.099152 0.063872 0.993020 100.042900 0.018872 0.997879 -0.062300 -7.052411 -0.994893 0.012563 -0.100148 77.821800
155.000000 -0.100230 0.060812 0.993104 101.288600 0.016005 0.998100 -0.059503 -7.138670 -0.994835 0.009931 -0.101013 77.699890
156.000000 -0.101508 0.059334 0.993064 102.537600 0.013835 0.998207 -0.058228 -7.224808 -0.994738 0.007829 -0.102147 77.577720
157.000000 -0.102841 0.058714 0.992963 103.784900 0.012161 0.998256 -0.057767 -7.308559 -0.994623 0.006135 -0.103375 77.450430
158.000000 -0.104556 0.058606 0.992791 105.034100 0.011856 0.998265 -0.057681 -7.394646 -0.994448 0.005740 -0.105070 77.319420
159.000000 -0.106828 0.057288 0.992626 106.283100 0.012154 0.998339 -0.056309 -7.478364 -0.994203 0.006049 -0.107346 77.182590
160.000000 -0.109878 0.052358 0.992565 107.533100 0.008644 0.998624 -0.051721 -7.561306 -0.993907 0.002897 -0.110180 77.047280
161.000000 -0.113971 0.051943 0.992125 108.774300 0.008263 0.998647 -0.051335 -7.641329 -0.993450 0.002347 -0.114246 76.904360
162.000000 -0.119594 0.056737 0.991201 110.001900 0.002541 0.998380 -0.056841 -7.722951 -0.992820 -0.004279 -0.119544 76.763780
163.000000 -0.126757 0.062106 0.989988 111.238600 0.003717 0.998061 -0.062136 -7.807969 -0.991927 -0.004197 -0.126742 76.607870
164.000000 -0.135763 0.059236 0.988969 112.461800 0.006028 0.998242 -0.058964 -7.896792 -0.990723 -0.002044 -0.135882 76.437020
165.000000 -0.146822 0.053839 0.987697 113.690700 0.005285 0.998546 -0.053644 -7.983049 -0.989149 -0.002656 -0.146893 76.253080
166.000000 -0.159460 0.055699 0.985632 114.911400 0.007842 0.998447 -0.055155 -8.061834 -0.987173 -0.001066 -0.159649 76.049010
167.000000 -0.173750 0.056344 0.983177 116.129600 0.009454 0.998411 -0.055547 -8.141038 -0.984744 -0.000357 -0.174007 75.820780
168.000000 -0.188426 0.054056 0.980599 117.341000 0.009524 0.998538 -0.053215 -8.223598 -0.982041 -0.000688 -0.188665 75.581300
169.000000 -0.203657 0.055900 0.977445 118.541400 0.014587 0.998431 -0.054061 -8.306282 -0.978934 0.003248 -0.204153 75.316610
170.000000 -0.219063 0.059324 0.973906 119.728100 0.014608 0.998237 -0.057520 -8.388866 -0.975601 0.001627 -0.219543 75.042740
171.000000 -0.234389 0.063900 0.970040 120.903700 0.014935 0.997956 -0.062130 -8.474808 -0.972028 -0.000075 -0.234865 74.751300
172.000000 -0.250667 0.062085 0.966080 122.079800 0.011368 0.998061 -0.061191 -8.561332 -0.968006 -0.004356 -0.250887 74.447310
173.000000 -0.267027 0.055510 0.962089 123.263100 0.005399 0.998410 -0.056107 -8.644916 -0.963674 -0.009788 -0.266902 74.127040
174.000000 -0.283006 0.051133 0.957754 124.437500 0.001088 0.998594 -0.052992 -8.723087 -0.959117 -0.013955 -0.282664 73.785660
175.000000 -0.298454 0.052377 0.952986 125.596600 -0.000665 0.998481 -0.055085 -8.799145 -0.954424 -0.017074 -0.297966 73.427180
176.000000 -0.313123 0.054502 0.948148 126.745900 -0.000834 0.998336 -0.057662 -8.874807 -0.949712 -0.018846 -0.312556 73.047990
177.000000 -0.327108 0.056237 0.943312 127.882800 0.000519 0.998238 -0.059332 -8.954510 -0.944987 -0.018918 -0.326561 72.651860
178.000000 -0.341346 0.056617 0.938231 129.014900 0.002514 0.998236 -0.059323 -9.035824 -0.939935 -0.017891 -0.340886 72.235900
179.000000 -0.355554 0.054357 0.933074 130.138300 0.002025 0.998350 -0.057387 -9.118396 -0.934654 -0.018514 -0.355077 71.806580
180.000000 -0.370103 0.052980 0.927479 131.253600 0.001738 0.998410 -0.056339 -9.199095 -0.928989 -0.019239 -0.369607 71.361680
181.000000 -0.385038 0.053793 0.921332 132.354600 0.000140 0.998303 -0.058228 -9.279118 -0.922901 -0.022291 -0.384393 70.904480
182.000000 -0.399841 0.056651 0.914832 133.442200 0.001255 0.998121 -0.061261 -9.359054 -0.916584 -0.023347 -0.399160 70.428480
183.000000 -0.414764 0.057825 0.908090 134.528800 0.001958 0.998033 -0.062658 -9.441782 -0.909927 -0.024211 -0.414061 69.931300
184.000000 -0.429146 0.060630 0.901198 135.604300 0.004537 0.997877 -0.064974 -9.527433 -0.903224 -0.023795 -0.428510 69.414600
185.000000 -0.444075 0.063692 0.893723 136.676200 0.004605 0.997619 -0.068808 -9.614880 -0.895978 -0.026440 -0.443311 68.880300
186.000000 -0.459186 0.066477 0.885849 137.742000 0.005241 0.997381 -0.072130 -9.704590 -0.888325 -0.028478 -0.458332 68.328450
187.000000 -0.474546 0.063775 0.877917 138.809600 0.004079 0.997520 -0.070259 -9.795509 -0.880221 -0.029760 -0.473630 67.753610
188.000000 -0.490700 0.059587 0.869289 139.872300 0.000970 0.997696 -0.067842 -9.888913 -0.871328 -0.032446 -0.489627 67.162230
189.000000 -0.506806 0.059106 0.860032 140.926800 0.000320 0.997660 -0.068375 -9.978781 -0.862060 -0.034378 -0.505638 66.546730
190.000000 -0.522795 0.058621 0.850441 141.967100 -0.000963 0.997591 -0.069357 -10.067440 -0.852458 -0.037079 -0.521479 65.911850
191.000000 -0.538655 0.057485 0.840563 143.003400 -0.001762 0.997591 -0.069354 -10.159710 -0.842525 -0.038839 -0.537256 65.253920
192.000000 -0.554397 0.056660 0.830321 144.031200 -0.003290 0.997523 -0.070266 -10.254400 -0.832245 -0.041687 -0.552838 64.574810
193.000000 -0.569902 0.056337 0.819779 145.044600 -0.003768 0.997457 -0.071166 -10.349280 -0.821704 -0.043646 -0.568241 63.875490
194.000000 -0.585207 0.053806 0.809097 146.054200 -0.004333 0.997574 -0.069474 -10.443660 -0.810872 -0.044162 -0.583554 63.151650
195.000000 -0.600352 0.049848 0.798181 147.051200 -0.004692 0.997819 -0.065844 -10.536850 -0.799722 -0.043275 -0.598808 62.406270
196.000000 -0.615177 0.047988 0.786927 148.035500 -0.003861 0.997950 -0.063876 -10.627050 -0.788380 -0.042333 -0.613731 61.640680
197.000000 -0.630049 0.046778 0.775145 149.012000 -0.004430 0.997951 -0.063825 -10.716970 -0.776543 -0.043647 -0.628551 60.852840
198.000000 -0.644853 0.047658 0.762819 149.969500 -0.005932 0.997712 -0.067348 -10.808670 -0.764284 -0.047955 -0.643095 60.049300
199.000000 -0.660155 0.048073 0.749589 150.917900 -0.007959 0.997446 -0.070978 -10.900700 -0.751087 -0.052823 -0.658087 59.226350
200.000000 -0.675977 0.043892 0.735614 151.857000 -0.010267 0.997567 -0.068956 -10.995320 -0.736851 -0.054165 -0.673882 58.377610
201.000000 -0.692018 0.036665 0.720949 152.781800 -0.013873 0.997849 -0.064064 -11.089920 -0.721747 -0.054335 -0.690021 57.504160
202.000000 -0.708786 0.033546 0.704625 153.687800 -0.015545 0.997883 -0.063145 -11.182050 -0.705252 -0.055710 -0.706764 56.608120
203.000000 -0.726168 0.031741 0.686784 154.573300 -0.017017 0.997798 -0.064108 -11.269820 -0.687307 -0.058240 -0.724029 55.688780
204.000000 -0.743603 0.027262 0.668065 155.436800 -0.020667 0.997754 -0.063720 -11.360180 -0.668302 -0.061190 -0.741370 54.746640
205.000000 -0.760325 0.025347 0.649048 156.298100 -0.020951 0.997761 -0.063508 -11.448510 -0.649204 -0.061885 -0.758092 53.772030
206.000000 -0.776394 0.026962 0.629671 157.137800 -0.019010 0.997628 -0.066157 -11.535010 -0.629961 -0.063334 -0.774040 52.774540
207.000000 -0.791632 0.027827 0.610364 157.947400 -0.015402 0.997736 -0.065464 -11.624130 -0.610804 -0.061224 -0.789411 51.752940
208.000000 -0.806194 0.028025 0.590988 158.755700 -0.011783 0.997919 -0.063394 -11.721950 -0.591534 -0.058072 -0.804186 50.726380
209.000000 -0.820556 0.029349 0.570812 159.535300 -0.010204 0.997769 -0.065971 -11.820150 -0.571475 -0.059957 -0.818426 49.687370
210.000000 -0.834373 0.030733 0.550343 160.279800 -0.009667 0.997475 -0.070359 -11.918730 -0.551115 -0.064026 -0.831969 48.634580
211.000000 -0.847360 0.031389 0.530090 161.003200 -0.007512 0.997443 -0.071072 -12.021260 -0.530966 -0.064206 -0.844957 47.560630
212.000000 -0.859153 0.029473 0.510869 161.686300 -0.005867 0.997707 -0.067428 -12.122000 -0.511685 -0.060928 -0.857010 46.465560
213.000000 -0.869659 0.030336 0.492721 162.349000 -0.004479 0.997584 -0.069325 -12.230050 -0.493633 -0.062496 -0.867422 45.353340
214.000000 -0.879122 0.034442 0.475351 162.973000 -0.000430 0.997328 -0.073058 -12.331410 -0.476597 -0.064432 -0.876757 44.229050
215.000000 -0.888098 0.032516 0.458503 163.588700 -0.001746 0.997249 -0.074105 -12.441190 -0.459651 -0.066613 -0.885598 43.095520
216.000000 -0.896348 0.029452 0.442372 164.179800 -0.003887 0.997231 -0.074269 -12.552860 -0.443334 -0.068290 -0.893751 41.946720
217.000000 -0.903684 0.027149 0.427339 164.750900 -0.004751 0.997291 -0.073404 -12.661620 -0.428175 -0.068365 -0.901106 40.788830
218.000000 -0.910246 0.026007 0.413251 165.298900 -0.004902 0.997279 -0.073558 -12.771470 -0.414040 -0.068982 -0.907641 39.621700
219.000000 -0.916402 0.023430 0.399572 165.830900 -0.006282 0.997320 -0.072890 -12.878760 -0.400209 -0.069307 -0.913799 38.447790
220.000000 -0.922076 0.018532 0.386564 166.348700 -0.008921 0.997570 -0.069104 -12.984680 -0.386905 -0.067167 -0.919670 37.262470
221.000000 -0.927204 0.014381 0.374281 166.852300 -0.010800 0.997821 -0.065093 -13.086840 -0.374402 -0.064397 -0.925028 36.066100
222.000000 -0.931530 0.015067 0.363352 167.335400 -0.008350 0.997992 -0.062790 -13.185360 -0.363569 -0.061524 -0.929534 34.861970
223.000000 -0.934786 0.018862 0.354709 167.797300 -0.004032 0.997961 -0.063692 -13.279580 -0.355188 -0.060968 -0.932805 33.658110
224.000000 -0.937032 0.024576 0.348379 168.248400 0.001715 0.997833 -0.065778 -13.373870 -0.349240 -0.061039 -0.935043 32.449930
225.000000 -0.938772 0.028874 0.343327 168.691200 0.005721 0.997651 -0.068261 -13.471820 -0.344492 -0.062118 -0.936732 31.242820
226.000000 -0.940626 0.026494 0.338409 169.137900 0.003740 0.997698 -0.067714 -13.571560 -0.339424 -0.062428 -0.938560 30.028170
227.000000 -0.942524 0.018988 0.333599 169.575100 -0.002383 0.997977 -0.063537 -13.671790 -0.334130 -0.060680 -0.940572 28.812540
228.000000 -0.944360 0.012753 0.328667 169.969500 -0.007661 0.998124 -0.060742 -13.771380 -0.328825 -0.059881 -0.942491 27.582240
229.000000 -0.946034 0.006645 0.324001 170.361900 -0.014577 0.997905 -0.063030 -13.867870 -0.323741 -0.064352 -0.943955 26.355070
230.000000 -0.947314 0.004236 0.320280 170.749400 -0.017617 0.997710 -0.065303 -13.963520 -0.319823 -0.067505 -0.945069 25.130710
231.000000 -0.948138 0.004641 0.317824 171.127300 -0.017924 0.997522 -0.068036 -14.064690 -0.317352 -0.070204 -0.945705 23.900190
232.000000 -0.948455 0.004732 0.316877 171.513000 -0.018286 0.997405 -0.069628 -14.167400 -0.316384 -0.071834 -0.945908 22.672730
233.000000 -0.948373 0.007782 0.317061 171.891100 -0.015552 0.997355 -0.070996 -14.272680 -0.316775 -0.072262 -0.945744 21.442580
234.000000 -0.948019 0.009724 0.318064 172.263200 -0.014346 0.997211 -0.073246 -14.382570 -0.317889 -0.074001 -0.945236 20.221330
235.000000 -0.947643 0.009823 0.319181 172.617700 -0.014917 0.997074 -0.074972 -14.490770 -0.318984 -0.075808 -0.944724 19.010080
236.000000 -0.947094 0.011000 0.320766 172.994700 -0.013630 0.997132 -0.074441 -14.597530 -0.320665 -0.074874 -0.944229 17.799100
237.000000 -0.946245 0.011578 0.323244 173.377000 -0.013201 0.997144 -0.074361 -14.707340 -0.323182 -0.074631 -0.943390 16.599090
238.000000 -0.944974 0.010477 0.326979 173.783000 -0.014873 0.997078 -0.074930 -14.818890 -0.326809 -0.075670 -0.942056 15.401170
239.000000 -0.943410 0.009139 0.331503 174.198500 -0.015808 0.997244 -0.072480 -14.929710 -0.331252 -0.073619 -0.940666 14.202880
240.000000 -0.941376 0.006548 0.337296 174.627000 -0.017754 0.997465 -0.068914 -15.036290 -0.336892 -0.070862 -0.938873 13.004350
241.000000 -0.938934 0.004899 0.344063 175.060900 -0.019270 0.997581 -0.066790 -15.138420 -0.343558 -0.069342 -0.936568 11.811860
242.000000 -0.936185 0.006838 0.351442 175.492600 -0.017291 0.997704 -0.065474 -15.238690 -0.351083 -0.067373 -0.933917 10.623870
243.000000 -0.932902 0.007633 0.360050 175.942500 -0.017487 0.997636 -0.066459 -15.339950 -0.359706 -0.068296 -0.930563 9.442182
244.000000 -0.929204 0.009590 0.369441 176.399600 -0.016369 0.997614 -0.067066 -15.442960 -0.369203 -0.068365 -0.926831 8.270144
245.000000 -0.924978 0.012437 0.379817 176.867400 -0.014333 0.997611 -0.067572 -15.544260 -0.379750 -0.067947 -0.922590 7.090384
246.000000 -0.920088 0.014067 0.391459 177.356800 -0.013785 0.997573 -0.068249 -15.648950 -0.391469 -0.068191 -0.917661 5.917093
247.000000 -0.914402 0.016566 0.404469 177.860800 -0.012838 0.997473 -0.069877 -15.749040 -0.404604 -0.069089 -0.911878 4.751502
248.000000 -0.908293 0.018514 0.417924 178.381400 -0.011493 0.997539 -0.069168 -15.855960 -0.418176 -0.067628 -0.905845 3.587553
249.000000 -0.902053 0.018084 0.431247 178.928800 -0.011989 0.997687 -0.066914 -15.959710 -0.431460 -0.065530 -0.899749 2.434985
250.000000 -0.895435 0.020257 0.444732 179.497600 -0.010427 0.997736 -0.066440 -16.057490 -0.445071 -0.064130 -0.893196 1.286303
251.000000 -0.888548 0.023043 0.458204 180.078200 -0.008184 0.997783 -0.066049 -16.154170 -0.458710 -0.062438 -0.886389 0.151837
252.000000 -0.881182 0.024668 0.472133 180.675800 -0.006112 0.997960 -0.063549 -16.250680 -0.472738 -0.058884 -0.879234 -0.971876
253.000000 -0.873453 0.026342 0.486196 181.288400 -0.003474 0.998173 -0.060323 -16.347190 -0.486897 -0.054378 -0.871765 -2.083451
254.000000 -0.865266 0.029330 0.500454 181.912400 0.000047 0.998292 -0.058426 -16.441080 -0.501313 -0.050531 -0.863789 -3.175742
255.000000 -0.856111 0.032559 0.515765 182.554400 0.003562 0.998361 -0.057113 -16.536840 -0.516779 -0.047058 -0.854824 -4.252484
256.000000 -0.845780 0.035473 0.532351 183.206000 0.006694 0.998414 -0.055894 -16.628890 -0.533489 -0.043710 -0.844677 -5.312670
257.000000 -0.834778 0.038539 0.549236 183.876700 0.010024 0.998446 -0.054823 -16.713090 -0.550495 -0.040260 -0.833867 -6.356535
258.000000 -0.823501 0.040434 0.565871 184.560700 0.011854 0.998466 -0.054094 -16.788780 -0.567190 -0.037838 -0.822717 -7.384682
259.000000 -0.811673 0.042548 0.582560 185.271700 0.013577 0.998448 -0.054007 -16.859890 -0.583954 -0.035927 -0.810991 -8.397022
260.000000 -0.798940 0.044537 0.599759 186.003300 0.015392 0.998442 -0.053639 -16.937950 -0.601213 -0.033623 -0.798381 -9.390930
261.000000 -0.785138 0.045632 0.617638 186.750900 0.017262 0.998507 -0.051827 -17.016850 -0.619081 -0.030030 -0.784753 -10.368790
262.000000 -0.769859 0.046791 0.636496 187.524000 0.019550 0.998570 -0.049762 -17.093980 -0.637914 -0.025867 -0.769673 -11.322390
263.000000 -0.753157 0.049649 0.655965 188.316100 0.021594 0.998476 -0.050779 -17.174840 -0.657486 -0.024080 -0.753081 -12.245120
264.000000 -0.735786 0.052576 0.675170 189.116500 0.022800 0.998340 -0.052894 -17.258410 -0.676830 -0.023525 -0.735763 -13.135630
265.000000 -0.717920 0.053351 0.694078 189.942700 0.022519 0.998317 -0.053444 -17.344010 -0.695761 -0.022738 -0.717913 -14.003120
266.000000 -0.698804 0.053345 0.713322 190.789200 0.022431 0.998359 -0.052687 -17.429780 -0.714962 -0.020818 -0.698853 -14.844460
267.000000 -0.678833 0.052708 0.732398 191.665700 0.020884 0.998403 -0.052494 -17.515500 -0.733995 -0.020339 -0.678850 -15.656880
268.000000 -0.658347 0.052836 0.750858 192.559100 0.019149 0.998386 -0.053464 -17.605060 -0.752471 -0.020819 -0.658296 -16.436570
269.000000 -0.637558 0.052406 0.768618 193.464800 0.016876 0.998394 -0.054074 -17.688080 -0.770218 -0.021504 -0.637418 -17.196720
270.000000 -0.616196 0.052187 0.785862 194.385900 0.015872 0.998422 -0.053857 -17.761220 -0.787433 -0.020713 -0.616053 -17.931220
271.000000 -0.593621 0.051900 0.803069 195.323200 0.016176 0.998486 -0.052572 -17.832890 -0.804582 -0.018218 -0.593562 -18.644280
272.000000 -0.569442 0.052133 0.820377 196.256500 0.016031 0.998501 -0.052325 -17.903350 -0.821875 -0.016645 -0.569425 -19.328920
273.000000 -0.544003 0.055210 0.837265 197.226100 0.018098 0.998373 -0.054075 -17.976200 -0.838888 -0.014264 -0.544117 -19.980800
274.000000 -0.517133 0.056330 0.854050 198.214100 0.018602 0.998336 -0.054582 -18.049050 -0.855703 -0.012339 -0.517320 -20.605750
275.000000 -0.489925 0.054882 0.870035 199.233600 0.017162 0.998430 -0.053317 -18.122150 -0.871595 -0.011190 -0.490098 -21.190400
276.000000 -0.461840 0.052663 0.885399 200.271800 0.016145 0.998569 -0.050973 -18.193920 -0.886817 -0.009247 -0.462029 -21.743030
277.000000 -0.432249 0.053324 0.900176 201.310600 0.016633 0.998552 -0.051165 -18.270350 -0.901601 -0.007143 -0.432510 -22.263360
278.000000 -0.401181 0.055806 0.914297 202.371300 0.017256 0.998426 -0.053369 -18.339820 -0.915836 -0.005634 -0.401512 -22.749780
279.000000 -0.369135 0.057481 0.927597 203.448300 0.018971 0.998344 -0.054316 -18.403640 -0.929182 -0.002452 -0.369614 -23.203180
280.000000 -0.336937 0.058175 0.939728 204.529100 0.020996 0.998305 -0.054273 -18.473290 -0.941293 0.001444 -0.337587 -23.619220
281.000000 -0.304117 0.057462 0.950900 205.638200 0.020995 0.998341 -0.053615 -18.547550 -0.952403 0.003659 -0.304819 -23.991090
282.000000 -0.270402 0.056568 0.961084 206.758900 0.022780 0.998369 -0.052354 -18.624490 -0.962478 0.007737 -0.271249 -24.325190
283.000000 -0.236194 0.054236 0.970191 207.904600 0.022539 0.998478 -0.050331 -18.703540 -0.971445 0.009979 -0.237057 -24.614430
284.000000 -0.201124 0.052871 0.978138 209.053200 0.023513 0.998515 -0.049138 -18.784480 -0.979283 0.013116 -0.202069 -24.862480
285.000000 -0.165778 0.052063 0.984788 210.184300 0.024454 0.998515 -0.048672 -18.864300 -0.985860 0.016014 -0.166805 -25.068170
286.000000 -0.130022 0.051771 0.990159 211.335800 0.024938 0.998491 -0.048932 -18.941670 -0.991197 0.018330 -0.131117 -25.229090
287.000000 -0.094169 0.051458 0.994225 212.488900 0.025701 0.998456 -0.049243 -19.020220 -0.995224 0.020915 -0.095346 -25.349520
288.000000 -0.058737 0.051634 0.996937 213.630700 0.024612 0.998433 -0.050262 -19.100930 -0.997970 0.021585 -0.059916 -25.424490
289.000000 -0.024079 0.051441 0.998386 214.797900 0.023957 0.998418 -0.050865 -19.174930 -0.999423 0.022693 -0.025274 -25.460630
290.000000 0.009577 0.050254 0.998691 215.957600 0.022925 0.998463 -0.050462 -19.246750 -0.999691 0.023378 0.008410 -25.455080
291.000000 0.042759 0.050339 0.997816 217.117000 0.021529 0.998452 -0.051294 -19.325430 -0.998853 0.023675 0.041609 -25.407460
292.000000 0.075859 0.050334 0.995847 218.271100 0.022322 0.998389 -0.052163 -19.406550 -0.996869 0.026186 0.074613 -25.319460
293.000000 0.108123 0.048255 0.992966 219.416700 0.023357 0.998422 -0.051064 -19.484330 -0.993863 0.028714 0.106825 -25.199510
294.000000 0.139513 0.046597 0.989123 220.571900 0.024550 0.998422 -0.050498 -19.564590 -0.989916 0.031328 0.138149 -25.039820
295.000000 0.169906 0.046542 0.984361 221.723100 0.025725 0.998334 -0.051643 -19.641630 -0.985124 0.034097 0.168426 -24.847430
296.000000 0.199927 0.046326 0.978715 222.870700 0.027598 0.998219 -0.052886 -19.716310 -0.979422 0.037584 0.198292 -24.623540
297.000000 0.229994 0.045348 0.972135 224.021200 0.029683 0.998122 -0.053583 -19.790600 -0.972739 0.041180 0.228216 -24.363710
298.000000 0.260294 0.043641 0.964543 225.162700 0.032229 0.998029 -0.053853 -19.867160 -0.964991 0.045104 0.258375 -24.068610
299.000000 0.290268 0.041985 0.956024 226.300000 0.034007 0.997953 -0.054152 -19.943660 -0.956341 0.048230 0.288246 -23.737100
300.000000 0.319952 0.040929 0.946549 227.429900 0.037040 0.997762 -0.055663 -20.020610 -0.946709 0.052870 0.317720 -23.372920
301.000000 0.348590 0.040316 0.936408 228.538600 0.037497 0.997675 -0.056913 -20.099040 -0.936525 0.054952 0.346268 -22.970370
302.000000 0.376723 0.038306 0.925534 229.648600 0.038163 0.997654 -0.056824 -20.178340 -0.925539 0.056728 0.374377 -22.532780
303.000000 0.404749 0.037270 0.913668 230.747500 0.038192 0.997608 -0.057612 -20.259310 -0.913630 0.058213 0.402358 -22.058700
304.000000 0.433070 0.038090 0.900555 231.818100 0.039219 0.997364 -0.061044 -20.342930 -0.900506 0.061755 0.430435 -21.554900
305.000000 0.461230 0.038771 0.886433 232.886800 0.040536 0.997081 -0.064702 -20.429410 -0.886354 0.065775 0.458312 -21.015990
306.000000 0.488560 0.037715 0.871715 233.928400 0.041455 0.996934 -0.066366 -20.522530 -0.871545 0.068561 0.485499 -20.443850
307.000000 0.515105 0.034537 0.856431 234.979200 0.042244 0.996951 -0.065612 -20.605180 -0.856086 0.069976 0.512075 -19.835540
308.000000 0.540219 0.032369 0.840902 236.012400 0.041565 0.997014 -0.065081 -20.685990 -0.840498 0.070110 0.537260 -19.194220
309.000000 0.563330 0.032110 0.825608 237.019600 0.039719 0.997037 -0.065878 -20.768050 -0.825276 0.069904 0.560386 -18.526770
310.000000 0.584333 0.032160 0.810877 238.016000 0.038408 0.996999 -0.067219 -20.860080 -0.810605 0.070423 0.581344 -17.827770
311.000000 0.603799 0.030828 0.796540 238.999700 0.037396 0.997056 -0.066935 -20.954390 -0.796259 0.070203 0.600869 -17.102770
312.000000 0.622078 0.028215 0.782447 239.961000 0.036916 0.997182 -0.065308 -21.047410 -0.782084 0.069512 0.619283 -16.355940
313.000000 0.639162 0.024901 0.768669 240.913700 0.037806 0.997250 -0.063742 -21.138440 -0.768142 0.069802 0.636463 -15.584750
