0.000000 1.000000 0.000000 0.000000 0.000000 0.000000 1.000000 0.000000 0.000000 0.000000 0.000000 1.000000 0.000000
1.000000 0.999990 -0.003086 -0.003156 0.003881 0.003094 0.999992 0.002380 0.006621 0.003148 -0.002389 0.999992 1.529270
2.000000 0.999987 -0.004185 -0.002973 -0.016295 0.004194 0.999986 0.003216 -0.006460 0.002960 -0.003228 0.999990 3.052802
3.000000 0.999981 -0.002030 -0.005791 -0.028220 0.002040 0.999996 0.001865 -0.008793 0.005787 -0.001877 0.999981 4.566924
4.000000 0.999982 -0.002163 -0.005658 -0.050111 0.002174 0.999996 0.001926 -0.040622 0.005654 -0.001938 0.999982 6.079727
5.000000 0.999970 -0.002097 -0.007455 -0.082686 0.002110 0.999996 0.001781 -0.058044 0.007452 -0.001796 0.999971 7.615353
6.000000 0.999956 -0.002546 -0.009044 -0.106946 0.002565 0.999995 0.002008 -0.071457 0.009039 -0.002031 0.999957 9.099130
7.000000 0.999925 -0.003518 -0.011764 -0.122941 0.003528 0.999993 0.000855 -0.088834 0.011761 -0.000897 0.999930 10.599376
8.000000 0.999912 -0.006011 -0.011851 -0.156909 0.006024 0.999981 0.001080 -0.109560 0.011844 -0.001152 0.999929 12.093906
9.000000 0.999897 -0.005934 -0.013099 -0.172603 0.005947 0.999982 0.000901 -0.120338 0.013093 -0.000979 0.999914 13.587153
10.000000 0.999895 -0.004523 -0.013735 -0.200082 0.004537 0.999989 0.000982 -0.145470 0.013730 -0.001044 0.999905 15.075604
11.000000 0.999906 -0.001771 -0.013633 -0.258320 0.001795 0.999997 0.001731 -0.172881 0.013630 -0.001755 0.999906 16.559173
12.000000 0.999919 0.000289 -0.012694 -0.316958 -0.000258 0.999997 0.002372 -0.205331 0.012695 -0.002368 0.999917 18.040647
13.000000 0.999927 0.001834 -0.011967 -0.348945 -0.001786 0.999990 0.003997 -0.237738 0.011975 -0.003975 0.999920 19.514122
14.000000 0.999927 0.001113 -0.011999 -0.360555 -0.001063 0.999991 0.004187 -0.241854 0.012004 -0.004174 0.999919 20.987801
15.000000 0.999929 0.001462 -0.011789 -0.404700 -0.001419 0.999992 0.003695 -0.259856 0.011795 -0.003678 0.999924 22.449350
16.000000 0.999930 0.000796 -0.011827 -0.447253 -0.000731 0.999985 0.005463 -0.290971 0.011832 -0.005454 0.999915 23.905835
17.000000 0.999941 0.001770 -0.010683 -0.474108 -0.001697 0.999975 0.006829 -0.317136 0.010695 -0.006811 0.999920 25.358038
18.000000 0.999952 0.002075 -0.009576 -0.515246 -0.002031 0.999987 0.004592 -0.330176 0.009586 -0.004573 0.999944 26.798781
19.000000 0.999957 0.003933 -0.008383 -0.541311 -0.003912 0.999989 0.002516 -0.340235 0.008392 -0.002483 0.999962 28.232041
20.000000 0.999964 0.000537 -0.008520 -0.542307 -0.000514 0.999996 0.002651 -0.351402 0.008522 -0.002646 0.999960 29.657947
21.000000 0.999963 0.000801 -0.008589 -0.561461 -0.000753 0.999985 0.005509 -0.360175 0.008593 -0.005502 0.999948 31.079665
22.000000 0.999964 0.000989 -0.008388 -0.592387 -0.000930 0.999974 0.007087 -0.375042 0.008395 -0.007079 0.999940 32.490927
23.000000 0.999969 0.000287 -0.007868 -0.622059 -0.000244 0.999985 0.005454 -0.378926 0.007869 -0.005452 0.999954 33.885435
24.000000 0.999969 0.001730 -0.007668 -0.615956 -0.001701 0.999991 0.003869 -0.371323 0.007675 -0.003856 0.999963 35.269912
25.000000 0.999952 0.004000 -0.008993 -0.612452 -0.003982 0.999990 0.002119 -0.362851 0.009001 -0.002084 0.999957 36.638113
26.000000 0.999967 0.002618 -0.007740 -0.625201 -0.002599 0.999994 0.002475 -0.406436 0.007747 -0.002455 0.999967 37.994071
27.000000 0.999967 0.003469 -0.007339 -0.638418 -0.003451 0.999991 0.002469 -0.399349 0.007347 -0.002444 0.999970 39.328642
28.000000 0.999983 0.001764 -0.005645 -0.655710 -0.001737 0.999987 0.004711 -0.428094 0.005653 -0.004701 0.999973 40.652414
29.000000 0.999991 0.001695 -0.003835 -0.656811 -0.001670 0.999978 0.006399 -0.460443 0.003846 -0.006392 0.999972 41.955493
30.000000 0.999996 0.001937 -0.002171 -0.659397 -0.001921 0.999970 0.007514 -0.474938 0.002185 -0.007510 0.999969 43.238003
31.000000 0.999995 0.001999 0.002396 -0.670908 -0.002013 0.999981 0.005826 -0.476737 -0.002384 -0.005831 0.999980 44.501469
32.000000 0.999979 0.000714 0.006496 -0.680746 -0.000745 0.999988 0.004837 -0.506492 -0.006493 -0.004842 0.999967 45.742453
33.000000 0.999962 0.000504 0.008732 -0.667548 -0.000527 0.999996 0.002698 -0.518588 -0.008731 -0.002703 0.999958 46.975802
34.000000 0.999894 0.001721 0.014427 -0.677970 -0.001776 0.999991 0.003794 -0.527121 -0.014420 -0.003819 0.999889 48.196053
35.000000 0.999791 0.002221 0.020308 -0.663724 -0.002292 0.999991 0.003476 -0.544906 -0.020300 -0.003522 0.999788 49.405588
36.000000 0.999651 0.001607 0.026364 -0.636789 -0.001655 0.999997 0.001815 -0.562744 -0.026361 -0.001858 0.999651 50.603352
37.000000 0.999437 0.002833 0.033432 -0.610164 -0.002882 0.999995 0.001417 -0.570545 -0.033428 -0.001513 0.999440 51.788917
38.000000 0.999026 0.005072 0.043824 -0.619021 -0.005164 0.999985 0.001987 -0.573099 -0.043814 -0.002211 0.999037 52.966805
39.000000 0.998516 0.008697 0.053766 -0.554571 -0.008814 0.999959 0.001948 -0.557175 -0.053746 -0.002419 0.998552 54.129736
40.000000 0.997773 0.011187 0.065755 -0.486668 -0.011315 0.999935 0.001577 -0.577842 -0.065733 -0.002317 0.997835 55.276763
41.000000 0.996572 0.013871 0.081556 -0.422797 -0.014024 0.999901 0.001304 -0.593682 -0.081529 -0.002443 0.996668 56.407941
42.000000 0.995051 0.016530 0.097981 -0.324920 -0.016802 0.999857 0.001955 -0.588754 -0.097934 -0.003591 0.995186 57.525563
43.000000 0.993209 0.016116 0.115226 -0.204412 -0.016549 0.999859 0.002802 -0.611591 -0.115165 -0.004690 0.993335 58.633047
44.000000 0.990550 0.015537 0.136268 -0.098328 -0.015972 0.999870 0.002100 -0.641339 -0.136217 -0.004257 0.990670 59.726360
45.000000 0.987394 0.016385 0.157433 0.068275 -0.016622 0.999862 0.000191 -0.634957 -0.157408 -0.002805 0.987530 60.799251
46.000000 0.984041 0.013657 0.177419 0.263521 -0.013767 0.999905 -0.000607 -0.650673 -0.177410 -0.001846 0.984135 61.856145
47.000000 0.979543 0.008319 0.201065 0.463931 -0.008657 0.999962 0.000799 -0.657320 -0.201050 -0.002523 0.979578 62.900907
48.000000 0.974077 0.002469 0.226202 0.668964 -0.003269 0.999990 0.003165 -0.683203 -0.226192 -0.003823 0.974075 63.932769
49.000000 0.968719 -0.004036 0.248128 0.972276 0.003358 0.999989 0.003154 -0.702865 -0.248138 -0.002223 0.968722 64.927108
50.000000 0.961957 -0.012817 0.272900 1.266421 0.012821 0.999916 0.001770 -0.729363 -0.272900 0.001796 0.962041 65.907300
51.000000 0.953569 -0.015918 0.300753 1.550661 0.015830 0.999871 0.002730 -0.730889 -0.300758 0.002158 0.953698 66.881701
52.000000 0.945282 -0.018254 0.325743 1.900792 0.017763 0.999832 0.004483 -0.741783 -0.325770 0.001549 0.945448 67.822957
53.000000 0.934926 -0.021199 0.354210 2.244959 0.019933 0.999775 0.007224 -0.746082 -0.354283 0.000306 0.935138 68.760983
54.000000 0.923381 -0.023609 0.383159 2.618472 0.023142 0.999715 0.005830 -0.749337 -0.383187 0.003483 0.923664 69.672175
55.000000 0.911022 -0.022283 0.411755 3.007782 0.023388 0.999724 0.002354 -0.757723 -0.411694 0.007486 0.911291 70.559028
56.000000 0.897947 -0.023564 0.439472 3.442400 0.027386 0.999622 -0.002357 -0.782450 -0.439251 0.014151 0.898253 71.414310
57.000000 0.881705 -0.024447 0.471168 3.850605 0.030117 0.999536 -0.004496 -0.798007 -0.470839 0.018154 0.882032 72.279139
58.000000 0.864912 -0.024323 0.501334 4.318105 0.029133 0.999574 -0.001764 -0.807601 -0.501078 0.016131 0.865252 73.111809
59.000000 0.845274 -0.022619 0.533855 4.785567 0.024495 0.999694 0.003571 -0.819594 -0.533772 0.010058 0.845569 73.944322
60.000000 0.825308 -0.023672 0.564187 5.332519 0.024152 0.999686 0.006615 -0.830598 -0.564166 0.008167 0.825621 74.711890
61.000000 0.801774 -0.017187 0.597380 5.861015 0.020572 0.999788 0.001153 -0.829863 -0.597273 0.011365 0.801957 75.477725
62.000000 0.778773 -0.011721 0.627196 6.429142 0.019669 0.999790 -0.005738 -0.849342 -0.626997 0.016805 0.778840 76.205725
63.000000 0.753570 -0.008545 0.657313 7.011935 0.018643 0.999791 -0.008375 -0.858800 -0.657104 0.018565 0.753572 76.913914
64.000000 0.728567 -0.009293 0.684911 7.628420 0.017791 0.999827 -0.005358 -0.878890 -0.684743 0.016089 0.728607 77.599202
65.000000 0.703247 -0.009069 0.710888 8.270472 0.018907 0.999804 -0.005948 -0.896961 -0.710694 0.017624 0.703280 78.247210
66.000000 0.677955 -0.006884 0.735071 8.940665 0.019487 0.999773 -0.008610 -0.913170 -0.734845 0.020162 0.677935 78.844853
67.000000 0.652739 -0.004553 0.757569 9.639150 0.020232 0.999730 -0.011423 -0.920652 -0.757313 0.022783 0.652655 79.412134
68.000000 0.624363 -0.002351 0.781131 10.320642 0.018151 0.999769 -0.011499 -0.954239 -0.780923 0.021358 0.624261 79.994589
69.000000 0.594717 -0.001271 0.803934 11.033807 0.018755 0.999749 -0.012293 -0.980406 -0.803716 0.022388 0.594592 80.548019
70.000000 0.565575 0.004352 0.824685 11.772536 0.017290 0.999704 -0.017133 -1.017593 -0.824515 0.023949 0.565333 81.062767
71.000000 0.538683 0.012523 0.842415 12.557316 0.017406 0.999511 -0.025988 -1.048832 -0.842329 0.028663 0.538201 81.512252
72.000000 0.507113 0.021235 0.861618 13.341783 0.016116 0.999288 -0.034113 -1.066996 -0.861729 0.031185 0.506410 81.991001
73.000000 0.475318 0.025660 0.879440 14.160328 0.015519 0.999175 -0.037541 -1.097492 -0.879677 0.031492 0.474527 82.425468
74.000000 0.440322 0.024157 0.897515 14.982318 0.014605 0.999313 -0.034062 -1.143260 -0.897721 0.028106 0.439667 82.853736
75.000000 0.403969 0.023955 0.914459 15.823072 0.011130 0.999454 -0.031099 -1.165547 -0.914705 0.022741 0.403482 83.266490
76.000000 0.370567 0.024140 0.928492 16.691868 0.007839 0.999545 -0.029116 -1.206922 -0.928773 0.018068 0.370209 83.592881
77.000000 0.332750 0.028789 0.942575 17.561071 0.001305 0.999519 -0.030989 -1.207580 -0.943014 0.011542 0.332553 83.950144
78.000000 0.293271 0.031314 0.955516 18.448265 -0.003628 0.999493 -0.031642 -1.226432 -0.956023 0.005813 0.293236 84.260854
79.000000 0.258260 0.030269 0.965601 19.364536 -0.005438 0.999539 -0.029879 -1.253057 -0.966060 0.002466 0.258305 84.497252
80.000000 0.221188 0.029492 0.974785 20.287371 -0.007035 0.999565 -0.028645 -1.303785 -0.975206 -0.000522 0.221299 84.721331
81.000000 0.185850 0.029711 0.982129 21.229758 -0.007520 0.999556 -0.028816 -1.338635 -0.982549 -0.002030 0.185991 84.897116
82.000000 0.148167 0.028489 0.988552 22.173866 -0.005087 0.999594 -0.028045 -1.380517 -0.988949 -0.000873 0.148252 85.070749
83.000000 0.114815 0.027834 0.992997 23.133232 0.004080 0.999586 -0.028491 -1.419456 -0.993378 0.007323 0.114654 85.163158
84.000000 0.082280 0.030374 0.996146 24.092128 0.006941 0.999494 -0.031049 -1.470645 -0.996585 0.009469 0.082028 85.205433
85.000000 0.048434 0.034041 0.998246 25.053110 0.007204 0.999381 -0.034429 -1.519007 -0.998800 0.008858 0.048158 85.257360
86.000000 0.021906 0.038468 0.999020 26.017632 0.015445 0.999127 -0.038810 -1.557613 -0.999641 0.016280 0.021293 85.228299
87.000000 -0.002781 0.036105 0.999344 26.988733 0.017201 0.999202 -0.036052 -1.595141 -0.999848 0.017089 -0.003400 85.216364
88.000000 -0.027124 0.033440 0.999073 27.969961 0.019396 0.999270 -0.032920 -1.645068 -0.999444 0.018485 -0.027753 85.216828
89.000000 -0.045901 0.030353 0.998485 28.951656 0.019796 0.999370 -0.029470 -1.680308 -0.998750 0.018413 -0.046473 85.158527
90.000000 -0.061413 0.033716 0.997543 29.929832 0.021845 0.999235 -0.032428 -1.717871 -0.997873 0.019800 -0.062103 85.091692
91.000000 -0.073583 0.037674 0.996577 30.909494 0.024187 0.999060 -0.035982 -1.761589 -0.996996 0.021456 -0.074425 85.004067
92.000000 -0.085769 0.044028 0.995342 31.894593 0.027569 0.998745 -0.041802 -1.795743 -0.995934 0.023855 -0.086875 84.919326
93.000000 -0.094275 0.048439 0.994367 32.882217 0.031421 0.998463 -0.045660 -1.834325 -0.995050 0.026939 -0.095652 84.808835
94.000000 -0.101804 0.054775 0.993295 33.871970 0.035293 0.998053 -0.051420 -1.877187 -0.994178 0.029821 -0.103539 84.715602
95.000000 -0.103147 0.059780 0.992868 34.859818 0.035960 0.997764 -0.056339 -1.931995 -0.994016 0.029892 -0.105066 84.598799
96.000000 -0.107332 0.063078 0.992220 35.858050 0.036928 0.997550 -0.059422 -1.995300 -0.993537 0.030263 -0.109398 84.511487
97.000000 -0.111631 0.067036 0.991486 36.859093 0.038264 0.997272 -0.063119 -2.059147 -0.993013 0.030892 -0.113891 84.428688
98.000000 -0.113701 0.070077 0.991040 37.855064 0.040159 0.997018 -0.065893 -2.141371 -0.992703 0.032307 -0.116177 84.292908
99.000000 -0.116844 0.073525 0.990425 38.855365 0.042253 0.996721 -0.069008 -2.216942 -0.992251 0.033785 -0.119567 84.174221
100.000000 -0.118628 0.074736 0.990122 39.859667 0.045561 0.996523 -0.069761 -2.298891 -0.991893 0.036835 -0.121621 84.033148
101.000000 -0.122271 0.072755 0.989826 40.876495 0.043903 0.996730 -0.067840 -2.378667 -0.991525 0.035161 -0.125066 83.921203
102.000000 -0.125296 0.072761 0.989448 41.895452 0.042989 0.996769 -0.067856 -2.460668 -0.991188 0.034033 -0.128019 83.824274
103.000000 -0.127192 0.072883 0.989197 42.910877 0.041344 0.996820 -0.068129 -2.543771 -0.991016 0.032232 -0.129801 83.694983
104.000000 -0.129601 0.074795 0.988741 43.928722 0.039556 0.996747 -0.070216 -2.622205 -0.990777 0.030011 -0.132138 83.555099
105.000000 -0.131589 0.077705 0.988254 44.953336 0.037223 0.996607 -0.073405 -2.683157 -0.990605 0.027126 -0.134035 83.399975
106.000000 -0.135053 0.080796 0.987539 45.983167 0.034443 0.996450 -0.076815 -2.756282 -0.990240 0.023640 -0.137357 83.255436
107.000000 -0.136941 0.086235 0.986818 47.016555 0.030480 0.996099 -0.082817 -2.827372 -0.990110 0.018737 -0.139035 83.120413
108.000000 -0.138719 0.087812 0.986431 48.052646 0.028162 0.996008 -0.084704 -2.935799 -0.989931 0.016030 -0.140638 82.980309
109.000000 -0.143367 0.087675 0.985778 49.098137 0.025928 0.996059 -0.084819 -3.007075 -0.989330 0.013399 -0.145075 82.859710
110.000000 -0.144997 0.082228 0.986009 50.146958 0.024047 0.996539 -0.079570 -3.126131 -0.989140 0.012173 -0.146472 82.703011
111.000000 -0.147665 0.080684 0.985741 51.198972 0.022809 0.996680 -0.078162 -3.214229 -0.988774 0.010942 -0.149015 82.556953
112.000000 -0.150333 0.081575 0.985264 52.251849 0.022393 0.996615 -0.079098 -3.297010 -0.988382 0.010172 -0.151650 82.397323
113.000000 -0.153181 0.083549 0.984660 53.303527 0.024293 0.996437 -0.080769 -3.414714 -0.987899 0.011548 -0.154665 82.251912
114.000000 -0.153333 0.087058 0.984332 54.353605 0.023656 0.996150 -0.084418 -3.489817 -0.987891 0.010341 -0.154802 82.053664
115.000000 -0.152493 0.087475 0.984426 55.417687 0.022315 0.996126 -0.085058 -3.590054 -0.988053 0.008997 -0.153854 81.889060
116.000000 -0.153159 0.086599 0.984400 56.486031 0.019141 0.996226 -0.084661 -3.678561 -0.988016 0.005876 -0.154239 81.721004
117.000000 -0.154176 0.085476 0.984339 57.558129 0.015950 0.996336 -0.084020 -3.787842 -0.987915 0.002746 -0.154975 81.579743
118.000000 -0.152542 0.085809 0.984565 58.623397 0.013378 0.996312 -0.084760 -3.892276 -0.988206 0.000242 -0.153128 81.385663
119.000000 -0.154354 0.086478 0.984224 59.704492 0.009216 0.996245 -0.086089 -3.971725 -0.987973 -0.004218 -0.154572 81.233477
120.000000 -0.153539 0.087087 0.984297 60.790230 0.005558 0.996169 -0.087270 -4.052650 -0.988127 -0.007929 -0.153435 81.060735
121.000000 -0.153805 0.082377 0.984661 61.892492 0.004285 0.996565 -0.082703 -4.138986 -0.988092 -0.008501 -0.153630 80.890059
122.000000 -0.152247 0.074365 0.985541 62.992250 0.008385 0.997227 -0.073952 -4.214973 -0.988307 -0.002995 -0.152448 80.724629
123.000000 -0.149971 0.070204 0.986195 64.095491 0.013751 0.997527 -0.068920 -4.296459 -0.988595 0.003225 -0.150565 80.538909
124.000000 -0.150794 0.072770 0.985883 65.192971 0.022164 0.997285 -0.070222 -4.398059 -0.988317 0.011263 -0.151997 80.377499
125.000000 -0.147804 0.078323 0.985911 66.289042 0.028227 0.996787 -0.074955 -4.480482 -0.988614 0.016751 -0.149540 80.184128
126.000000 -0.149425 0.084553 0.985151 67.396724 0.030923 0.996249 -0.080816 -4.569160 -0.988289 0.018388 -0.151479 80.039680
127.000000 -0.149949 0.090362 0.984556 68.510971 0.032728 0.995723 -0.086402 -4.632365 -0.988152 0.019267 -0.152265 79.897400
128.000000 -0.150858 0.088289 0.984605 69.632493 0.029908 0.995955 -0.084724 -4.726199 -0.988103 0.016667 -0.152888 79.743718
129.000000 -0.147730 0.084355 0.985424 70.748532 0.031626 0.996249 -0.080540 -4.817881 -0.988522 0.019266 -0.149844 79.511311
130.000000 -0.148285 0.082651 0.985485 71.881589 0.030773 0.996405 -0.078937 -4.896230 -0.988466 0.018621 -0.150295 79.350541
131.000000 -0.146863 0.083709 0.985609 73.009104 0.027772 0.996369 -0.080484 -4.992407 -0.988767 0.015552 -0.148654 79.190943
132.000000 -0.147011 0.088783 0.985142 74.141777 0.030490 0.995897 -0.085203 -5.090581 -0.988665 0.017511 -0.149115 79.036294
133.000000 -0.146948 0.091783 0.984877 75.279628 0.030832 0.995627 -0.088185 -5.184500 -0.988664 0.017407 -0.149135 78.896584
134.000000 -0.146147 0.088452 0.985301 76.416134 0.030329 0.995927 -0.084908 -5.340908 -0.988798 0.017474 -0.148235 78.711109
135.000000 -0.143360 0.080409 0.986399 77.567541 0.030545 0.996579 -0.076800 -5.457151 -0.989199 0.019120 -0.145326 78.515259
136.000000 -0.142851 0.079840 0.986519 78.720939 0.030302 0.996627 -0.076271 -5.544640 -0.989280 0.018998 -0.144789 78.346761
137.000000 -0.139817 0.082668 0.986720 79.870126 0.028613 0.996430 -0.079427 -5.642781 -0.989764 0.017128 -0.141683 78.163460
138.000000 -0.140052 0.086088 0.986395 81.028468 0.028051 0.996158 -0.082958 -5.738419 -0.989747 0.016051 -0.141929 78.014552
139.000000 -0.138112 0.084324 0.986820 82.196167 0.026646 0.996325 -0.081407 -5.848585 -0.990058 0.015051 -0.139851 77.839567
140.000000 -0.139138 0.081716 0.986896 83.356829 0.026521 0.996540 -0.078776 -5.939799 -0.989918 0.015212 -0.140824 77.705294
141.000000 -0.139651 0.079770 0.986982 84.518190 0.025896 0.996703 -0.076892 -6.052646 -0.989862 0.014821 -0.141257 77.575145
142.000000 -0.138125 0.079970 0.987181 85.683923 0.026823 0.996671 -0.076986 -6.144254 -0.990051 0.015845 -0.139811 77.408182
143.000000 -0.136264 0.080696 0.987380 86.849723 0.029716 0.996561 -0.077345 -6.229788 -0.990227 0.018802 -0.138194 77.211750
144.000000 -0.137744 0.079277 0.987290 88.035574 0.029249 0.996682 -0.075951 -6.334258 -0.990036 0.018416 -0.139606 77.075421
145.000000 -0.134446 0.081413 0.987571 89.216832 0.030366 0.996490 -0.078014 -6.420958 -0.990456 0.019500 -0.136446 76.897187
146.000000 -0.132775 0.079555 0.987948 90.422536 0.029230 0.996654 -0.076327 -6.521102 -0.990715 0.018744 -0.134656 76.740212
147.000000 -0.133730 0.079542 0.987821 91.638150 0.025657 0.996718 -0.076785 -6.618046 -0.990686 0.015076 -0.135331 76.633204
148.000000 -0.134876 0.079449 0.987672 92.852848 0.027054 0.996704 -0.076481 -6.699934 -0.990493 0.016405 -0.136581 76.503146
149.000000 -0.133445 0.078822 0.987917 94.069416 0.025350 0.996778 -0.076105 -6.818800 -0.990732 0.014888 -0.135014 76.353291
150.000000 -0.135317 0.081240 0.987466 95.290493 0.026836 0.996568 -0.078312 -6.924978 -0.990439 0.015903 -0.137033 76.227682
151.000000 -0.135140 0.080363 0.987562 96.513155 0.025874 0.996652 -0.077562 -7.025640 -0.990489 0.015070 -0.136767 76.055255
152.000000 -0.137178 0.078614 0.987422 97.741515 0.021985 0.996842 -0.076310 -7.123700 -0.990302 0.011241 -0.138473 75.922537
153.000000 -0.138777 0.078106 0.987239 98.969481 0.019151 0.996910 -0.076179 -7.234478 -0.990138 0.008334 -0.139844 75.779794
154.000000 -0.137966 0.078329 0.987335 100.205037 0.015744 0.996915 -0.076889 -7.321240 -0.990312 0.004936 -0.138774 75.615904
155.000000 -0.139184 0.075449 0.987388 101.446481 0.011907 0.997149 -0.074516 -7.428573 -0.990195 0.001385 -0.139685 75.469730
156.000000 -0.141233 0.074713 0.987153 102.692842 0.009298 0.997204 -0.074144 -7.511404 -0.989933 -0.001293 -0.141533 75.321171
157.000000 -0.144018 0.074379 0.986776 103.937586 0.006447 0.997221 -0.074226 -7.606580 -0.989554 -0.004328 -0.144097 75.177894
158.000000 -0.147354 0.073620 0.986340 105.181487 0.006146 0.997275 -0.073518 -7.716277 -0.989065 -0.004771 -0.147405 75.017418
159.000000 -0.148492 0.072798 0.986230 106.424322 0.005127 0.997330 -0.072845 -7.803029 -0.988900 -0.005760 -0.148469 74.834203
160.000000 -0.153172 0.067538 0.985889 107.670004 0.002093 0.997682 -0.068021 -7.908357 -0.988197 -0.008355 -0.152958 74.676504
161.000000 -0.158066 0.067932 0.985089 108.907772 0.000080 0.997632 -0.068784 -8.002292 -0.987429 -0.010793 -0.157697 74.513673
162.000000 -0.164598 0.073736 0.983601 110.129694 -0.005725 0.997114 -0.075707 -8.097995 -0.986344 -0.018092 -0.163701 74.337109
163.000000 -0.171491 0.076309 0.982226 111.357876 -0.005611 0.996904 -0.078429 -8.210313 -0.985170 -0.018961 -0.170531 74.137322
164.000000 -0.180586 0.071520 0.980955 112.575149 -0.005160 0.997270 -0.073659 -8.311192 -0.983546 -0.018363 -0.179724 73.933932
165.000000 -0.191488 0.069555 0.979027 113.793850 -0.001006 0.997471 -0.071062 -8.413662 -0.981494 -0.014592 -0.190934 73.697848
166.000000 -0.202223 0.070193 0.976821 114.991452 0.000860 0.997440 -0.071496 -8.517602 -0.979339 -0.013618 -0.201766 73.393042
167.000000 -0.215861 0.070749 0.973858 116.197941 0.002155 0.997404 -0.071982 -8.623484 -0.976422 -0.013440 -0.215453 73.118188
168.000000 -0.233062 0.066911 0.970157 117.404505 0.001168 0.997649 -0.068526 -8.735050 -0.972461 -0.014838 -0.232593 72.866368
169.000000 -0.250310 0.068749 0.965722 118.595844 0.005597 0.997562 -0.069565 -8.842232 -0.968149 -0.012008 -0.250085 72.571275
170.000000 -0.263777 0.071771 0.961910 119.761571 0.008195 0.997359 -0.072168 -8.938281 -0.964549 -0.011153 -0.263668 72.222080
171.000000 -0.277389 0.074479 0.957866 120.919435 0.008288 0.997139 -0.075132 -9.051638 -0.960722 -0.012902 -0.277213 71.874435
172.000000 -0.292298 0.071454 0.953654 122.081162 0.004009 0.997288 -0.073494 -9.169139 -0.956319 -0.017659 -0.291791 71.528469
173.000000 -0.313040 0.064842 0.947524 123.274485 -0.002001 0.997619 -0.068931 -9.286969 -0.949738 -0.023474 -0.312165 71.260408
174.000000 -0.327575 0.062652 0.942746 124.427537 -0.005058 0.997668 -0.068060 -9.360457 -0.944812 -0.027063 -0.326494 70.851827
175.000000 -0.343238 0.064606 0.937024 125.585195 -0.006482 0.997445 -0.071147 -9.439231 -0.939226 -0.030494 -0.341942 70.489299
176.000000 -0.356233 0.066975 0.931994 126.711345 -0.005175 0.997271 -0.073644 -9.532197 -0.934383 -0.031058 -0.354915 70.049363
177.000000 -0.371349 0.069580 0.925883 127.836479 -0.003302 0.997083 -0.076255 -9.620328 -0.928488 -0.031375 -0.370036 69.622610
178.000000 -0.385839 0.070897 0.919838 128.953163 -0.001384 0.996997 -0.077425 -9.706351 -0.922565 -0.031147 -0.384583 69.167745
179.000000 -0.399726 0.069297 0.914012 130.051202 -0.000741 0.997113 -0.075922 -9.808388 -0.916634 -0.031025 -0.398521 68.680857
180.000000 -0.416071 0.067684 0.906810 131.156599 -0.001254 0.997182 -0.075005 -9.909799 -0.909331 -0.032345 -0.414814 68.215932
181.000000 -0.429694 0.070330 0.900232 132.235643 -0.001756 0.996895 -0.078720 -10.007074 -0.902973 -0.035406 -0.428236 67.712108
182.000000 -0.444270 0.072998 0.892914 133.301652 -0.000714 0.996646 -0.081833 -10.113527 -0.895893 -0.036994 -0.442727 67.194296
183.000000 -0.456667 0.075204 0.886453 134.355558 0.001307 0.996476 -0.083865 -10.224277 -0.889637 -0.037139 -0.455156 66.635951
184.000000 -0.470458 0.078768 0.878900 135.405526 0.006701 0.996298 -0.085703 -10.335014 -0.882397 -0.034430 -0.469245 66.073526
185.000000 -0.485015 0.081233 0.870725 136.451627 0.005972 0.995961 -0.089591 -10.454041 -0.874486 -0.038253 -0.483541 65.495948
186.000000 -0.499932 0.083514 0.862028 137.494445 0.007563 0.995723 -0.092081 -10.571701 -0.866031 -0.039515 -0.498426 64.906708
187.000000 -0.514765 0.080345 0.853558 138.531388 0.005356 0.995881 -0.090512 -10.688366 -0.857314 -0.042021 -0.513075 64.282515
188.000000 -0.527228 0.076265 0.846295 139.545531 0.003805 0.996166 -0.087400 -10.807540 -0.849716 -0.042859 -0.525496 63.615360
189.000000 -0.541562 0.076417 0.837180 140.562293 0.003220 0.996041 -0.088835 -10.914018 -0.840654 -0.045414 -0.539665 62.941755
190.000000 -0.559127 0.076152 0.825577 141.587703 0.002561 0.995927 -0.090130 -11.017332 -0.829078 -0.048280 -0.557044 62.285236
191.000000 -0.573853 0.074941 0.815522 142.587350 0.001995 0.995929 -0.090116 -11.128798 -0.818956 -0.050087 -0.571667 61.575600
192.000000 -0.590528 0.074418 0.803579 143.606044 0.001234 0.995821 -0.091314 -11.251731 -0.807016 -0.052932 -0.588152 60.887356
193.000000 -0.608503 0.073319 0.790157 144.638431 0.001261 0.995811 -0.091431 -11.379389 -0.793551 -0.054640 -0.606046 60.221840
194.000000 -0.622065 0.071720 0.779674 145.609083 0.002184 0.995951 -0.089872 -11.495377 -0.782963 -0.054203 -0.619703 59.449490
195.000000 -0.635162 0.068619 0.769325 146.555234 0.003514 0.996292 -0.085962 -11.612000 -0.772371 -0.051897 -0.633048 58.643585
196.000000 -0.649307 0.067410 0.757533 147.502509 0.005210 0.996435 -0.084204 -11.738450 -0.760508 -0.050727 -0.647344 57.837488
197.000000 -0.664808 0.065591 0.744129 148.479406 0.003952 0.996433 -0.084299 -11.844056 -0.747004 -0.053102 -0.662696 57.052091
198.000000 -0.678653 0.067469 0.731353 149.406359 0.003765 0.996078 -0.088398 -11.944133 -0.734449 -0.057238 -0.676246 56.214454
199.000000 -0.693544 0.066751 0.717315 150.321577 0.001205 0.995804 -0.091501 -12.043629 -0.720413 -0.062595 -0.690714 55.355586
200.000000 -0.709238 0.063258 0.702125 151.250523 0.000819 0.996039 -0.088911 -12.190173 -0.704969 -0.062484 -0.706481 54.503056
201.000000 -0.724536 0.056702 0.686900 152.138093 -0.001421 0.996485 -0.083756 -12.319833 -0.689235 -0.061660 -0.721909 53.596124
202.000000 -0.742187 0.053793 0.668030 153.037703 -0.001461 0.996641 -0.081878 -12.451990 -0.670191 -0.061745 -0.739616 52.698657
203.000000 -0.760039 0.050340 0.647925 153.910395 -0.003530 0.996661 -0.081575 -12.564030 -0.649868 -0.064288 -0.757323 51.769755
204.000000 -0.775698 0.046601 0.629381 154.715199 -0.006266 0.996652 -0.081518 -12.668396 -0.631073 -0.067177 -0.772809 50.778382
205.000000 -0.792072 0.043207 0.608897 155.509886 -0.007909 0.996682 -0.081013 -12.753474 -0.610377 -0.068984 -0.789101 49.748460
206.000000 -0.807282 0.045245 0.588429 156.295286 -0.006040 0.996371 -0.084900 -12.864438 -0.590135 -0.072092 -0.804079 48.710000
207.000000 -0.821162 0.044214 0.568980 157.053465 -0.003283 0.996612 -0.082182 -12.989933 -0.570686 -0.069352 -0.818235 47.653366
208.000000 -0.835756 0.045069 0.547248 157.798187 0.000523 0.996691 -0.081285 -13.117021 -0.549101 -0.067648 -0.833014 46.582861
209.000000 -0.849315 0.046704 0.525817 158.505155 0.003358 0.996536 -0.083091 -13.247139 -0.527876 -0.068805 -0.846530 45.496479
210.000000 -0.861854 0.048754 0.504808 159.166856 0.004580 0.996076 -0.088381 -13.349766 -0.507136 -0.073859 -0.858695 44.390140
211.000000 -0.874492 0.048726 0.482586 159.839975 0.006711 0.996062 -0.088411 -13.456501 -0.484993 -0.074076 -0.871375 43.284380
212.000000 -0.885646 0.047394 0.461936 160.469279 0.008439 0.996256 -0.086034 -13.568202 -0.464284 -0.072297 -0.882731 42.158567
213.000000 -0.894598 0.050059 0.444060 161.049295 0.012949 0.996192 -0.086214 -13.710361 -0.446685 -0.071377 -0.891840 41.004768
214.000000 -0.903146 0.053226 0.426021 161.624810 0.017281 0.995988 -0.087801 -13.862453 -0.428985 -0.071935 -0.900443 39.860510
215.000000 -0.911009 0.051135 0.409203 162.178895 0.015235 0.995778 -0.090516 -13.973998 -0.412104 -0.076226 -0.907943 38.695788
216.000000 -0.918577 0.048196 0.392293 162.712045 0.014201 0.995921 -0.089103 -14.098653 -0.394987 -0.076277 -0.915515 37.520278
217.000000 -0.923850 0.046999 0.379858 163.126866 0.014780 0.996073 -0.087297 -14.254805 -0.382469 -0.075035 -0.920916 36.302808
218.000000 -0.929340 0.045248 0.366441 163.584342 0.014684 0.996207 -0.085770 -14.404594 -0.368932 -0.074329 -0.926479 35.101623
219.000000 -0.935012 0.043506 0.351938 164.053080 0.014190 0.996241 -0.085455 -14.510367 -0.354333 -0.074908 -0.932114 33.900916
220.000000 -0.940141 0.039178 0.338526 164.509334 0.012369 0.996638 -0.080991 -14.646160 -0.340561 -0.071955 -0.937465 32.693558
221.000000 -0.943844 0.037707 0.328232 164.925202 0.013101 0.996956 -0.076856 -14.765115 -0.330131 -0.068240 -0.941465 31.465448
222.000000 -0.948336 0.037944 0.314991 165.369297 0.015749 0.997229 -0.072713 -14.880695 -0.316877 -0.063996 -0.946305 30.247893
223.000000 -0.950783 0.040914 0.307144 165.738616 0.018962 0.997069 -0.074121 -14.994274 -0.309276 -0.064649 -0.948772 29.014114
224.000000 -0.953181 0.045724 0.298925 166.184914 0.024447 0.996919 -0.074537 -15.116505 -0.301412 -0.063739 -0.951361 27.806655
225.000000 -0.954180 0.050536 0.294936 166.534698 0.029451 0.996711 -0.075502 -15.233966 -0.297782 -0.063356 -0.952529 26.571084
226.000000 -0.955457 0.047840 0.291227 166.913655 0.027116 0.996831 -0.074790 -15.326248 -0.293882 -0.063562 -0.953726 25.333046
227.000000 -0.956360 0.040907 0.289315 167.264237 0.020252 0.997050 -0.074033 -15.398966 -0.291490 -0.064943 -0.954367 24.087755
228.000000 -0.958181 0.034574 0.284065 167.651597 0.014246 0.997207 -0.073316 -15.495073 -0.285807 -0.066203 -0.955998 22.854944
229.000000 -0.960472 0.028364 0.276927 168.048662 0.008537 0.997329 -0.072544 -15.612153 -0.278245 -0.067313 -0.958149 21.631072
230.000000 -0.961001 0.026673 0.275254 168.377058 0.006176 0.997160 -0.075065 -15.715667 -0.276474 -0.070437 -0.958437 20.390184
231.000000 -0.960902 0.027904 0.275480 168.705878 0.006810 0.996990 -0.077232 -15.824666 -0.276806 -0.072337 -0.958199 19.146310
232.000000 -0.960839 0.028080 0.275679 169.054718 0.006214 0.996786 -0.079872 -15.922688 -0.277036 -0.075031 -0.957926 17.907490
233.000000 -0.960161 0.031327 0.277684 169.396704 0.008987 0.996644 -0.081364 -16.040281 -0.279301 -0.075627 -0.957221 16.667922
234.000000 -0.959139 0.032570 0.281053 169.734567 0.009612 0.996530 -0.082682 -16.149684 -0.282770 -0.076603 -0.956124 15.436717
235.000000 -0.958984 0.032986 0.281534 170.122406 0.009671 0.996435 -0.083804 -16.277376 -0.283295 -0.077644 -0.955885 14.237643
236.000000 -0.958462 0.033592 0.283235 170.479442 0.010075 0.996408 -0.084081 -16.387110 -0.285042 -0.077735 -0.955358 13.020892
237.000000 -0.957772 0.033264 0.285599 170.861320 0.009829 0.996493 -0.083099 -16.515572 -0.287361 -0.076783 -0.954740 11.822602
238.000000 -0.956702 0.030211 0.289497 171.231000 0.005688 0.996350 -0.085178 -16.614143 -0.291014 -0.079843 -0.953381 10.611854
239.000000 -0.955841 0.028595 0.292490 171.628842 0.004872 0.996660 -0.081518 -16.741018 -0.293844 -0.076493 -0.952788 9.409171
240.000000 -0.954369 0.026645 0.297438 172.039391 0.003567 0.996957 -0.077866 -16.863511 -0.298608 -0.073252 -0.951561 8.205888
241.000000 -0.952775 0.023510 0.302767 172.450054 0.000844 0.997200 -0.074777 -16.964757 -0.303677 -0.070991 -0.950127 7.005122
242.000000 -0.951072 0.024453 0.308000 172.875086 0.001720 0.997267 -0.073865 -17.084472 -0.308964 -0.069721 -0.948515 5.816529
243.000000 -0.948272 0.026897 0.316317 173.279462 0.003447 0.997218 -0.074462 -17.170539 -0.317440 -0.069520 -0.945727 4.617311
244.000000 -0.944718 0.030368 0.326475 173.678441 0.006086 0.997154 -0.075143 -17.298046 -0.327828 -0.069003 -0.942214 3.426604
245.000000 -0.940151 0.032746 0.339181 174.079973 0.007381 0.997095 -0.075806 -17.386877 -0.340678 -0.068766 -0.937662 2.221692
246.000000 -0.935211 0.034215 0.352435 174.515218 0.006837 0.996880 -0.078637 -17.484380 -0.354026 -0.071132 -0.932527 1.026644
247.000000 -0.928980 0.037603 0.368215 174.951534 0.008597 0.996750 -0.080101 -17.586971 -0.370031 -0.071246 -0.926284 -0.165724
248.000000 -0.923349 0.039661 0.381907 175.431996 0.008331 0.996486 -0.083342 -17.661108 -0.383871 -0.073772 -0.920435 -1.349317
249.000000 -0.916774 0.038369 0.397558 175.924419 0.007561 0.996864 -0.078772 -17.800670 -0.399334 -0.069210 -0.914189 -2.522717
250.000000 -0.911028 0.040856 0.410316 176.458717 0.008423 0.996716 -0.080543 -17.915488 -0.412259 -0.069921 -0.908380 -3.686292
251.000000 -0.903424 0.043165 0.426570 176.977038 0.009797 0.996738 -0.080113 -18.020819 -0.428636 -0.068197 -0.900900 -4.849781
252.000000 -0.896508 0.045691 0.440664 177.538037 0.012405 0.996867 -0.078123 -18.122040 -0.442853 -0.064571 -0.894266 -5.991799
253.000000 -0.887442 0.048986 0.458308 178.071993 0.014813 0.996854 -0.077867 -18.213426 -0.460681 -0.062313 -0.885376 -7.143638
254.000000 -0.879060 0.051373 0.473936 178.639937 0.016827 0.996901 -0.076850 -18.330988 -0.476415 -0.059581 -0.877199 -8.263865
255.000000 -0.871661 0.053319 0.487200 179.267527 0.019734 0.997077 -0.073813 -18.468342 -0.489712 -0.054725 -0.870165 -9.344593
256.000000 -0.863086 0.056272 0.501912 179.908508 0.024411 0.997260 -0.069830 -18.611346 -0.504466 -0.048017 -0.862095 -10.405604
257.000000 -0.849605 0.060331 0.523958 180.504265 0.027373 0.997141 -0.070431 -18.702038 -0.526709 -0.045496 -0.848827 -11.493459
258.000000 -0.837732 0.063505 0.542376 181.147227 0.029094 0.996995 -0.071797 -18.785083 -0.545306 -0.044366 -0.837062 -12.547203
259.000000 -0.826608 0.066345 0.558854 181.838310 0.032285 0.996982 -0.070605 -18.896966 -0.561852 -0.040320 -0.826255 -13.569601
260.000000 -0.814777 0.069414 0.575605 182.536263 0.032962 0.996747 -0.073542 -18.980927 -0.578837 -0.040947 -0.814414 -14.586949
261.000000 -0.801774 0.071202 0.593371 183.265945 0.036516 0.996859 -0.070278 -19.090831 -0.596511 -0.034679 -0.801855 -15.575294
262.000000 -0.787731 0.074060 0.611552 184.011190 0.040871 0.996843 -0.068074 -19.195995 -0.614663 -0.028629 -0.788270 -16.548196
263.000000 -0.775072 0.077266 0.627131 184.812349 0.042270 0.996612 -0.070547 -19.289569 -0.630457 -0.028170 -0.775713 -17.461858
264.000000 -0.758309 0.081146 0.646826 185.574151 0.044065 0.996334 -0.073333 -19.381149 -0.650405 -0.027106 -0.759104 -18.384844
265.000000 -0.740650 0.082039 0.666864 186.373859 0.043196 0.996278 -0.074588 -19.483403 -0.670502 -0.026438 -0.741437 -19.275060
266.000000 -0.722557 0.082086 0.686420 187.199529 0.041190 0.996273 -0.075782 -19.578494 -0.690083 -0.026484 -0.723246 -20.135873
267.000000 -0.702544 0.080402 0.707084 188.035497 0.039473 0.996470 -0.074088 -19.696634 -0.710545 -0.024139 -0.703237 -20.986066
268.000000 -0.681210 0.081153 0.727576 188.882578 0.039088 0.996451 -0.074546 -19.813775 -0.731044 -0.022342 -0.681965 -21.812403
269.000000 -0.658825 0.082389 0.747771 189.752023 0.034918 0.996263 -0.079003 -19.882784 -0.751486 -0.025939 -0.659239 -22.615096
270.000000 -0.639095 0.081866 0.764759 190.674593 0.034146 0.996359 -0.078124 -19.993495 -0.768370 -0.023815 -0.639563 -23.343021
271.000000 -0.618351 0.081733 0.781640 191.617615 0.032413 0.996383 -0.078545 -20.083823 -0.785233 -0.023233 -0.618764 -24.046349
272.000000 -0.593376 0.083034 0.800631 192.523278 0.033182 0.996343 -0.078739 -20.195043 -0.804241 -0.020155 -0.593961 -24.761996
273.000000 -0.567661 0.085509 0.818809 193.469409 0.035479 0.996208 -0.079439 -20.314729 -0.822497 -0.016044 -0.568543 -25.440884
274.000000 -0.543702 0.086472 0.834812 194.456548 0.034915 0.996147 -0.080443 -20.413882 -0.838551 -0.014589 -0.544627 -26.063571
275.000000 -0.516228 0.086481 0.852074 195.452766 0.029076 0.996085 -0.083481 -20.482559 -0.855958 -0.018321 -0.516721 -26.687567
276.000000 -0.485920 0.084935 0.869866 196.462131 0.027181 0.996254 -0.082092 -20.590414 -0.873580 -0.016246 -0.486409 -27.285865
277.000000 -0.456105 0.086054 0.885756 197.492003 0.027435 0.996200 -0.082657 -20.698497 -0.889503 -0.013400 -0.456733 -27.818191
278.000000 -0.427406 0.088562 0.899711 198.547623 0.027762 0.996007 -0.084853 -20.805576 -0.903633 -0.011289 -0.428158 -28.308820
279.000000 -0.396400 0.090836 0.913573 199.615279 0.030898 0.995849 -0.085610 -20.903159 -0.917558 -0.005708 -0.397562 -28.778035
280.000000 -0.362626 0.091855 0.927397 200.684318 0.030922 0.995769 -0.086536 -20.998406 -0.931421 -0.002704 -0.363932 -29.218662
281.000000 -0.332488 0.092071 0.938603 201.787040 0.031699 0.995752 -0.086448 -21.109834 -0.942575 0.001010 -0.333994 -29.600097
282.000000 -0.296597 0.091421 0.950617 202.891902 0.029535 0.995809 -0.086552 -21.206491 -0.954546 0.002405 -0.298054 -29.978843
283.000000 -0.264041 0.091484 0.960163 204.033832 0.026719 0.995803 -0.087532 -21.303135 -0.964141 0.002542 -0.265378 -30.277496
284.000000 -0.230465 0.089350 0.968970 205.177041 0.025228 0.995989 -0.085842 -21.425823 -0.972753 0.004662 -0.231795 -30.533196
285.000000 -0.196637 0.088402 0.976483 206.300739 0.024761 0.996057 -0.085188 -21.548571 -0.980164 0.007427 -0.198051 -30.757477
286.000000 -0.161384 0.089145 0.982857 207.445397 0.022732 0.995983 -0.086603 -21.649721 -0.986630 0.008366 -0.162763 -30.950765
287.000000 -0.124899 0.089488 0.988126 208.593188 0.023145 0.995916 -0.087268 -21.750718 -0.991899 0.011971 -0.126460 -31.101389
288.000000 -0.092879 0.088448 0.991741 209.730739 0.023728 0.995960 -0.086602 -21.871762 -0.995395 0.015489 -0.094603 -31.186060
289.000000 -0.060373 0.088974 0.994203 210.894703 0.019548 0.995934 -0.087942 -21.980500 -0.997984 0.014125 -0.061866 -31.236086
290.000000 -0.027409 0.088870 0.995666 212.050197 0.016516 0.995945 -0.088440 -22.098542 -0.999488 0.014020 -0.028766 -31.267573
291.000000 0.009755 0.088601 0.996019 213.206236 0.016245 0.995921 -0.088752 -22.217672 -0.999820 0.017046 0.008276 -31.312820
292.000000 0.043524 0.088369 0.995136 214.359515 0.014672 0.995916 -0.089080 -22.344941 -0.998945 0.018477 0.042050 -31.317567
293.000000 0.078834 0.088346 0.992965 215.508897 0.012977 0.995890 -0.089637 -22.437716 -0.996803 0.019952 0.077363 -31.261418
294.000000 0.110097 0.086467 0.990153 216.665066 0.013990 0.995975 -0.088531 -22.561110 -0.993822 0.023599 0.108444 -31.141102
295.000000 0.141553 0.087307 0.986073 217.820501 0.013694 0.995835 -0.090137 -22.676027 -0.989836 0.026263 0.139768 -30.999766
296.000000 0.169135 0.087111 0.981736 218.965196 0.012850 0.995807 -0.090574 -22.786776 -0.985509 0.027935 0.167306 -30.775943
297.000000 0.200224 0.088843 0.975714 220.121008 0.012126 0.995579 -0.093141 -22.889792 -0.979675 0.030481 0.198262 -30.551965
298.000000 0.234128 0.086665 0.968335 221.277350 0.013339 0.995639 -0.092334 -23.029677 -0.972114 0.034534 0.231951 -30.353787
299.000000 0.265496 0.086558 0.960219 222.425188 0.012736 0.995560 -0.093265 -23.136425 -0.964028 0.036991 0.263214 -30.070464
300.000000 0.294102 0.086004 0.951897 223.551098 0.015264 0.995394 -0.094650 -23.264829 -0.955652 0.042367 0.291434 -29.708439
301.000000 0.323603 0.083862 0.942469 224.669463 0.015568 0.995458 -0.093922 -23.402001 -0.946065 0.045066 0.320828 -29.350866
302.000000 0.354308 0.082671 0.931467 225.804756 0.011993 0.995601 -0.092925 -23.564379 -0.935052 0.044095 0.351758 -29.012318
303.000000 0.385597 0.081472 0.919063 226.921839 0.010361 0.995649 -0.092608 -23.699464 -0.922609 0.045232 0.383075 -28.596667
304.000000 0.411633 0.080585 0.907780 227.979166 0.012413 0.995495 -0.094000 -23.819647 -0.911265 0.049962 0.408778 -28.072638
305.000000 0.444165 0.080659 0.892307 229.091106 0.013135 0.995246 -0.096502 -23.968210 -0.895849 0.054583 0.440994 -27.646560
306.000000 0.473011 0.079896 0.877426 230.161272 0.012291 0.995185 -0.097245 -24.084793 -0.880971 0.056782 0.469751 -27.134603
307.000000 0.501887 0.075299 0.861649 231.221541 0.013625 0.995391 -0.094922 -24.235036 -0.864826 0.059380 0.498548 -26.556409
308.000000 0.527846 0.073663 0.846140 232.259633 0.011646 0.995510 -0.093932 -24.357354 -0.849260 0.059436 0.524618 -25.929730
309.000000 0.553288 0.072232 0.829853 233.299401 0.009925 0.995591 -0.093276 -24.501652 -0.832931 0.059844 0.550131 -25.325797
310.000000 0.575324 0.072220 0.814731 234.310990 0.008104 0.995542 -0.093970 -24.614513 -0.817886 0.060666 0.572174 -24.652126
311.000000 0.592423 0.071874 0.802414 235.274675 0.005370 0.995638 -0.093146 -24.719914 -0.805609 0.059491 0.589453 -23.902203
312.000000 0.613207 0.069624 0.786848 236.261907 0.004033 0.995819 -0.091258 -24.844284 -0.789912 0.059134 0.610362 -23.194805
313.000000 0.633965 0.065504 0.770583 237.263304 0.005855 0.995971 -0.089480 -24.954739 -0.773340 0.061239 0.631027 -22.490772
314.000000 0.649638 0.063098 0.757621 238.192906 0.005775 0.996112 -0.087912 -25.072225 -0.760222 0.061486 0.646748 -21.694450
