0.000000000000000000e+00 1.000000000000000000e+00 0.000000000000000000e+00 0.000000000000000000e+00 0.000000000000000000e+00 0.000000000000000000e+00 1.000000000000000000e+00 0.000000000000000000e+00 0.000000000000000000e+00 0.000000000000000000e+00 0.000000000000000000e+00 1.000000000000000000e+00 0.000000000000000000e+00
1.000000000000000000e+00 9.999902593568938958e-01 -3.086013396744742825e-03 -3.155584359163674836e-03 2.538020541621378162e-03 3.093529420573934863e-03 9.999923834840238612e-01 2.379716299296609234e-03 4.329209183090360243e-03 3.148216488224905071e-03 -2.389455012383618834e-03 9.999921895883423506e-01 9.999874081205121223e-01
2.000000000000000000e+00 9.999868243377564303e-01 -4.184673537215151569e-03 -2.973156281973445697e-03 -1.070330727242663725e-02 4.194231541527570703e-03 9.999860333067280838e-01 3.215837877039388198e-03 -4.255681786473256185e-03 2.959657525147565277e-03 -3.228265612101442143e-03 9.999904093182451215e-01 1.999862883809740755e+00
3.000000000000000000e+00 9.999811723493786664e-01 -2.029622089164819648e-03 -5.790991360638358260e-03 -1.857937890357060431e-02 2.040453936343475209e-03 9.999961788362327075e-01 1.865170412200707357e-03 -5.796077018946206756e-03 5.787183641243314088e-03 -1.876951546540996021e-03 9.999814926079355626e-01 2.999830680630312774e+00
4.000000000000000000e+00 9.999816531724821100e-01 -2.163136680716405951e-03 -5.658105525001658545e-03 -3.304504699006328983e-02 2.174062826233955862e-03 9.999957827035934610e-01 1.925623497436215487e-03 -2.682911797179384633e-02 5.653916276273070543e-03 -1.937889245242666167e-03 9.999821387484948421e-01 3.999504805350507119e+00
5.000000000000000000e+00 9.999700099872504966e-01 -2.096884702328984714e-03 -7.455347117788935045e-03 -5.425126727197558674e-02 2.110215886014737193e-03 9.999961880039264228e-01 1.780720788812741430e-03 -3.817074902350842819e-02 7.451584731853919293e-03 -1.796399776897120593e-03 9.999706229849081307e-01 4.999215595342513474e+00
6.000000000000000000e+00 9.999558589504302653e-01 -2.546456937965982555e-03 -9.044097952469366472e-03 -7.059863584033337913e-02 2.564714632661578130e-03 9.999946956407790299e-01 2.007717399499395813e-03 -4.720918317379250995e-02 9.038937413423674128e-03 -2.030824307103884074e-03 9.999570857607187335e-01 5.999041115245361766e+00
7.000000000000000000e+00 9.999246189726813672e-01 -3.517524807462873212e-03 -1.176364703527206512e-02 -8.125927648809930237e-02 3.527830301247327025e-03 9.999934113220719789e-01 8.554097313129046653e-04 -5.879050803057002395e-02 1.176056060344016219e-02 -8.968454001126090159e-04 9.999304400220151434e-01 6.998917219398041567e+00
8.000000000000000000e+00 9.999117129002401683e-01 -6.010968848911602685e-03 -1.185051300190029244e-02 -1.039794705548275633e-01 6.024189538199847642e-03 9.999812709344245709e-01 1.080241074202546682e-03 -7.265358463338796036e-02 1.184379775741893105e-02 -1.151535439299230862e-03 9.999291967038531626e-01 7.998562960592728643e+00
9.000000000000000000e+00 9.998965997632424108e-01 -5.934474885766505628e-03 -1.309854151190915396e-02 -1.144882044612278993e-01 5.946781745975108883e-03 9.999819120000225103e-01 9.008105473820158431e-04 -7.987080938621889115e-02 1.309295874792040966e-02 -9.786115709198744180e-04 9.999138046604907348e-01 8.998481696380068229e+00
1.000000000000000000e+01 9.998954421441045293e-01 -4.523013695181460347e-03 -1.373488720604007507e-02 -1.329443482033062229e-01 4.536925756561815612e-03 9.999892260208240735e-01 9.819098476993885424e-04 -9.674994105703746405e-02 1.373029803496290599e-02 -1.044121344839363296e-03 9.999051898687633111e-01 9.998168880289220795e+00
1.100000000000000000e+01 9.999055012109584473e-01 -1.770855737551645407e-03 -1.363278100838026703e-02 -1.721628797970687075e-01 1.794617356370321361e-03 9.999968915917518686e-01 1.730940603968989010e-03 -1.152092756588196792e-01 1.362967338603158531e-02 -1.755242657591005910e-03 9.999055711048931983e-01 1.099722901849196610e+01
1.200000000000000000e+01 9.999193800661970721e-01 2.885304439450209939e-04 -1.269449164869529065e-02 -2.117031781965605930e-01 -2.584432376317320193e-04 9.999971541760258598e-01 2.371675976842424396e-03 -1.370907864124104314e-01 1.269513982312934011e-02 -2.368203966960123665e-03 9.999166090403948104e-01 1.199620737876290733e+01
1.300000000000000000e+01 9.999267067085535476e-01 1.833880862741967249e-03 -1.196737615234852968e-02 -2.334009030766472093e-01 -1.786166312375893437e-03 9.999904186612400547e-01 3.996522941185370707e-03 -1.590735374296427529e-01 1.197459063580311699e-02 -3.974854298733558611e-03 9.999204016882587975e-01 1.299573024863269843e+01
1.400000000000000000e+01 9.999273884075569052e-01 1.112724100078478539e-03 -1.199915653386280680e-02 -2.412792110578716454e-01 -1.062549147132592874e-03 9.999906695284598301e-01 4.187104647527838293e-03 -1.618664597579007325e-01 1.200370366832534570e-02 -4.174050921650027460e-03 9.999192409375601276e-01 1.399569531394659272e+01
1.500000000000000000e+01 9.999294356829485642e-01 1.461980877989272742e-03 -1.178924368638753148e-02 -2.714672414715492144e-01 -1.418504405329349630e-03 9.999921661695420072e-01 3.695327427384027461e-03 -1.741771504175450291e-01 1.179455382948825515e-02 -3.678343575022920923e-03 9.999236762315947269e-01 1.499516373751745490e+01
1.600000000000000000e+01 9.999297364626530404e-01 7.957818989149544791e-04 -1.182746248790983792e-02 -3.006645138328184474e-01 -7.312030666818987576e-04 9.999848082037683383e-01 5.463396722241070473e-03 -1.955263718883979429e-01 1.183163047972818696e-02 -5.454364567818934841e-03 9.999151276120149534e-01 1.599450938844572612e+01
1.700000000000000000e+01 9.999413673118348056e-01 1.769895463198688451e-03 -1.068313664572327626e-02 -3.191507299258179997e-01 -1.696994955308522455e-03 9.999752415076800238e-01 6.829098020689909447e-03 -2.135381102834418843e-01 1.069495893697146142e-02 -6.810568383320264770e-03 9.999196137748436186e-01 1.699417625150288913e+01
1.800000000000000000e+01 9.999519919127568546e-01 2.075377526098905537e-03 -9.576360364867338507e-03 -3.476912730765951420e-01 -2.031471754016148535e-03 9.999873920576118902e-01 4.592259610053098760e-03 -2.225845517497966053e-01 9.585770299056526472e-03 -4.572585038865292599e-03 9.999436006464742510e-01 1.799372795066279451e+01
1.900000000000000000e+01 9.999571322998676015e-01 3.932764156941298550e-03 -8.382537128750927255e-03 -3.658738798515020485e-01 -3.911797218019456499e-03 9.999891832468459363e-01 2.516193916974682285e-03 -2.296017073285151755e-01 8.392342054164819015e-03 -2.483295268107888702e-03 9.999617001862903809e-01 1.899353800879306320e+01
2.000000000000000000e+01 9.999635581607476675e-01 5.370395652185430907e-04 -8.520207685671569997e-03 -3.665720650656314472e-01 -5.144701041979544628e-04 9.999963540080413216e-01 2.650903833309535985e-03 -2.374330512485770261e-01 8.521600261305158769e-03 -2.646423837362034924e-03 9.999601885924551681e-01 1.999350709961028016e+01
2.100000000000000000e+01 9.999627948262251875e-01 8.007964470942770686e-04 -8.588811814213215962e-03 -3.800432569465463928e-01 -7.534953857787667552e-04 9.999845408521560453e-01 5.509110763420825042e-03 -2.436025535735498182e-01 8.593090714827800528e-03 -5.502434165925866420e-03 9.999479396499675321e-01 2.099339732570030748e+01
2.200000000000000000e+01 9.999643282762481489e-01 9.891770610938087696e-04 -8.388307563441140327e-03 -4.019501378496889710e-01 -9.297373990236574648e-04 9.999744550017740652e-01 7.086955077534819528e-03 -2.541343859147578987e-01 8.395103537535236055e-03 -7.078903350374478667e-03 9.999397038641623103e-01 2.199310186659057820e+01
2.300000000000000000e+01 9.999690079833377654e-01 2.870851330558682100e-04 -7.867696927957672920e-03 -4.232231306655424019e-01 -2.441801830813490008e-04 9.999850985297620287e-01 5.453722990622339624e-03 -2.569188650684539610e-01 7.869145370496698558e-03 -5.451632833071909726e-03 9.999541770754245551e-01 2.299287169332696124e+01
2.400000000000000000e+01 9.999691003517559018e-01 1.730327822583823359e-03 -7.668396659710380141e-03 -4.188155015480260479e-01 -1.700693425070800473e-03 9.999910679561510030e-01 3.869321618610047520e-03 -2.514271822319561478e-01 7.675023360106586479e-03 -3.856160466152756556e-03 9.999631113410530903e-01 2.399284690013220356e+01
2.500000000000000000e+01 9.999515591481191734e-01 4.000450224235389818e-03 -8.993094865138851271e-03 -4.162543625774946521e-01 -3.981541744103885179e-03 9.999898275202174780e-01 2.119476686285736919e-03 -2.452354697614984036e-01 9.001482244048278000e-03 -2.083567634414948237e-03 9.999573151206611055e-01 2.499282445151215981e+01
2.600000000000000000e+01 9.999666150434393108e-01 2.617947955556961925e-03 -7.740487521600405117e-03 -4.256514612619087257e-01 -2.598858489528781558e-03 9.999935596027319518e-01 2.475214658708039823e-03 -2.773610947318419506e-01 7.746917652941257351e-03 -2.455015592065257126e-03 9.999669785374513120e-01 2.599226411390133151e+01
2.700000000000000000e+01 9.999670529255193507e-01 3.468825245499321426e-03 -7.338958704887576720e-03 -4.355545106153778101e-01 -3.450788413606833017e-03 9.999909982069354886e-01 2.468919686715951873e-03 -2.720510793840880681e-01 7.347456892038608384e-03 -2.443513149368064380e-03 9.999700216110014583e-01 2.699220097858355061e+01
2.800000000000000000e+01 9.999825133547722844e-01 1.763636074244675361e-03 -5.644694187908304815e-03 -4.486124417645169782e-01 -1.737054569769748988e-03 9.999873965692093192e-01 4.710556671443888628e-03 -2.937578982531209304e-01 5.652930753071511855e-03 -4.700669157776162128e-03 9.999729736764731980e-01 2.799188007931972777e+01
2.900000000000000000e+01 9.999912098889224277e-01 1.694918777317704463e-03 -3.835022194486389230e-03 -4.494571283183843025e-01 -1.670356278397802218e-03 9.999781314339126759e-01 6.398950214058548268e-03 -3.185754489240696374e-01 3.845784028923205939e-03 -6.392488113174714381e-03 9.999721726332809757e-01 2.899157171961853408e+01
3.000000000000000000e+01 9.999957679750989259e-01 1.936899182830542545e-03 -2.170818613441566347e-03 -4.514735609274820316e-01 -1.920536731279145343e-03 9.999699224805649322e-01 7.514364435896289489e-03 -3.298767001330079607e-01 2.185307886938113280e-03 -7.510163498034499313e-03 9.999694104689756946e-01 2.999150582530782572e+01
3.100000000000000000e+01 9.999951314625490362e-01 1.998980152785600605e-03 2.396065431372904151e-03 -4.605837824744916098e-01 -2.012910782402460661e-03 9.999810044196586478e-01 5.825717984322667867e-03 -3.313006459219467459e-01 -2.384374422092915610e-03 -5.830512687538323517e-03 9.999801597433893852e-01 3.099146331252503472e+01
3.200000000000000000e+01 9.999786430107400204e-01 7.138918646056696378e-04 6.496451401210549467e-03 -4.685091828431911520e-01 -7.453229589133754385e-04 9.999880235995890487e-01 4.837060168594359624e-03 -3.552696876864879783e-01 -6.492920459204125361e-03 -4.841798817932766244e-03 9.999671989461031973e-01 3.199114459826858692e+01
3.300000000000000000e+01 9.999617462170420357e-01 5.035736923182271589e-04 8.732268668796054623e-03 -4.578091526982443482e-01 -5.271517160763521939e-04 9.999962214154549667e-01 2.698011467814980056e-03 -3.650762799239381518e-01 -8.730877025583625231e-03 -2.702511489083562167e-03 9.999582332367755733e-01 3.299103926277259546e+01
3.400000000000000000e+01 9.998944468568395916e-01 1.720809066384052129e-03 1.442684861693786964e-02 -4.663496259083735329e-01 -1.775714484823795979e-03 9.999912267885471273e-01 3.793834999680893889e-03 -3.720685175957416102e-01 -1.442019358148029402e-02 -3.819052512531205274e-03 9.998887302370086383e-01 3.399097834538197560e+01
3.500000000000000000e+01 9.997913074156576929e-01 2.221161643672270140e-03 2.030783240640567783e-02 -4.545732569709081128e-01 -2.292217324167915207e-03 9.999913304243308598e-01 3.476322182308205864e-03 -3.867700236221258137e-01 -2.029993487262330559e-02 -3.522146664905923593e-03 9.997877310344612800e-01 3.499080092106988360e+01
3.600000000000000000e+01 9.996511129232937831e-01 1.606979942654369626e-03 2.636418113062001869e-02 -4.320939154901510815e-01 -1.655412714936074737e-03 9.999969820620779881e-01 1.815344451983810390e-03 -4.016579323476533459e-01 -2.636118434303438493e-02 -1.858354702426923046e-03 9.996507562533178959e-01 3.599043736967526286e+01
3.700000000000000000e+01 9.994369757509722341e-01 2.833085649867713406e-03 3.343209726379848395e-02 -4.096421495480461750e-01 -2.882074721631778299e-03 9.999948425374657335e-01 1.417231021156568167e-03 -4.082356559684045538e-01 -3.342790970214053886e-02 -1.512786888140026488e-03 9.994399863567468012e-01 3.699016365809526974e+01
3.800000000000000000e+01 9.990263789760123192e-01 5.072083757275792221e-03 4.382428637686002632e-02 -4.171610567982609319e-01 -5.164112387333085093e-03 9.999846917913024491e-01 1.986989256086420068e-03 -4.104040641265494505e-01 -4.381353732960614061e-02 -2.211368221716737432e-03 9.990372784822662000e-01 3.799013303964643740e+01
3.900000000000000000e+01 9.985157153317665291e-01 8.696603516961580113e-03 5.376555889009548839e-02 -3.618316360336830684e-01 -8.814082653026208622e-03 9.999592572283073633e-01 1.948289094642863175e-03 -3.967331278550204066e-01 -5.374642483441181839e-02 -2.419291358953560515e-03 9.985516856161414934e-01 3.898850759896739504e+01
4.000000000000000000e+01 9.977730960026000018e-01 1.118727975219311298e-02 6.575479955971012813e-02 -3.027452037073259383e-01 -1.131542483177914137e-02 9.999347354291586720e-01 1.576719091299711795e-03 -4.147166424192543221e-01 -6.573286890337076693e-02 -2.317251380998814735e-03 9.978345655927978175e-01 3.998659846994000588e+01
4.100000000000000000e+01 9.965722678071129437e-01 1.387063059819374986e-02 8.155562914110356387e-02 -2.463767049596334580e-01 -1.402367033485000039e-02 9.999008132466510324e-01 1.303970484021025949e-03 -4.286963878062927114e-01 -8.152945301013653223e-02 -2.443210079440199991e-03 9.966679381902346924e-01 4.098491062506376181e+01
4.200000000000000000e+01 9.950510180755567369e-01 1.652970443920739191e-02 9.798081596902144530e-02 -1.591349686149814424e-01 -1.680201976438537234e-02 9.998569253186199157e-01 1.954744032027103638e-03 -4.243033075104627461e-01 -9.793448605389118433e-02 -3.591345645587488110e-03 9.951863838888732605e-01 4.198108810939327640e+01
4.300000000000000000e+01 9.932085126489063054e-01 1.611590468071921745e-02 1.152264206598216101e-01 -5.098340704478580843e-02 -1.654890222715476450e-02 9.998591311093564249e-01 2.802101410885470597e-03 -4.447987092774300377e-01 -1.151650304425264060e-01 -4.689941744081058475e-03 9.933353009984126070e-01 4.297501123430603087e+01
4.400000000000000000e+01 9.905502089811213384e-01 1.553718276058187533e-02 1.362676756950297052e-01 4.555716376142750212e-02 -1.597226527850886812e-02 9.998702299185672215e-01 2.100015348187925322e-03 -4.718708490409830314e-01 -1.362173639053927132e-01 -4.256674107097563678e-03 9.906698292045686971e-01 4.396997204631674805e+01
4.500000000000000000e+01 9.873938093556998696e-01 1.638482195140133699e-02 1.574325342985548604e-01 1.989999234488211699e-01 -1.662210745458835709e-02 9.998618250598773072e-01 1.906087558862989625e-04 -4.659931943764576423e-01 -1.574076579770266049e-01 -2.805066407529461289e-03 9.875297265463122143e-01 4.495811210353291187e+01
4.600000000000000000e+01 9.840407287522069391e-01 1.365656528272087694e-02 1.774185514017903587e-01 3.806425782144630121e-01 -1.376737691651001155e-02 9.999050412213029704e-01 -6.065254009757076181e-04 -4.806142975910547288e-01 -1.774099870065644624e-01 -1.845742371546380293e-03 9.841353005280450983e-01 4.594136800578342417e+01
4.700000000000000000e+01 9.795426520435782658e-01 8.319227301447374226e-03 2.010646246472659604e-01 5.690271377902846872e-01 -8.656610493437390252e-03 9.999622118091937573e-01 7.987793369172823798e-04 -4.868621536348160528e-01 -2.010503815519971704e-01 -2.522976569661715927e-03 9.795776532092912436e-01 4.692344347233794366e+01
4.800000000000000000e+01 9.740772145996200448e-01 2.468619594928088586e-03 2.262023119137971938e-01 7.638599712161323607e-01 -3.269283518149346344e-03 9.999896470834320761e-01 3.165045217814511230e-03 -5.114576975018645388e-01 -2.261921567674900213e-01 -3.822517919957058984e-03 9.740752006768368387e-01 4.790397150673631899e+01
4.900000000000000000e+01 9.687188891741638219e-01 -4.035518020157269174e-03 2.481278467876788518e-01 1.055574392901297731e+00 3.357827257533705159e-03 9.999893874489063084e-01 3.154359787484627663e-03 -5.303674468280872301e-01 -2.481379429939907788e-01 -2.222517462090824181e-03 9.687221591678590871e-01 4.886029002980345126e+01
5.000000000000000000e+01 9.619570409389107679e-01 -1.281727969211015304e-02 2.728999243850314116e-01 1.342904738870744019e+00 1.282092092362578997e-02 9.999162420478109325e-01 1.769993122199912602e-03 -5.562514925292015855e-01 -2.728997533431119504e-01 1.796171004290460617e-03 9.620407987164522057e-01 4.981777177295222714e+01
5.100000000000000000e+01 9.535691972572458708e-01 -1.591810453969894068e-02 3.007530548307734697e-01 1.622939784479485725e+00 1.583002028203685588e-02 9.998709706809895126e-01 2.729917091174666882e-03 -5.577552142445777461e-01 -3.007577039745595870e-01 2.157762108645479467e-03 9.536981427908052256e-01 5.077776037291157252e+01
5.200000000000000000e+01 9.452820443653771054e-01 -1.825412958853083606e-02 3.257432168954335072e-01 1.971562410933613396e+00 1.776281496170728849e-02 9.998321799994991377e-01 4.482660157063412046e-03 -5.686021482648867531e-01 -3.257703777280184232e-01 1.548738329280739635e-03 9.454476518583824207e-01 5.171496078282750375e+01
5.300000000000000000e+01 9.349257169847972060e-01 -2.119918964851760790e-02 3.542096809500215882e-01 2.316012157959348894e+00 1.993256651581571184e-02 9.997752250923935824e-01 7.224408871651625749e-03 -5.729046264468115046e-01 -3.542832151154802767e-01 3.060223819619033278e-04 9.351381234008896426e-01 5.265375568079797830e+01
5.400000000000000000e+01 9.233807193817334946e-01 -2.360936751871028222e-02 3.831587723639457432e-01 2.695297133910600440e+00 2.314184445078323535e-02 9.997151910680800446e-01 5.830247261208524635e-03 -5.762101911576641422e-01 -3.831872937735465445e-01 3.483462799771355149e-03 9.236640966159861410e-01 5.357902968359909579e+01
5.500000000000000000e+01 9.110219168437814208e-01 -2.228274791814971109e-02 4.117554446215690445e-01 3.097237337854501504e+00 2.338829781704823349e-02 9.997236845485886203e-01 2.354161807122632198e-03 -5.848686438309339541e-01 -4.116941274241225357e-01 7.485565964515077629e-03 9.112913429560703937e-01 5.449465466340842568e+01
5.600000000000000000e+01 8.979470169468201091e-01 -2.356399280068607188e-02 4.394722892283471349e-01 3.550109341334295898e+00 2.738561691921169092e-02 9.996221653859926892e-01 -2.356789123400598526e-03 -6.106335640915480090e-01 -4.392507060236415239e-01 1.415149152234673920e-02 8.982530559621950683e-01 5.538585784862948458e+01
5.700000000000000000e+01 8.817047706741700797e-01 -2.444721331132500980e-02 4.711677314202732947e-01 3.976899563159174367e+00 3.011687868617640360e-02 9.995362727660633828e-01 -4.495891805471515131e-03 -6.268989223223916385e-01 -4.708393260854668028e-01 1.815415066134444880e-02 8.820321739172248821e-01 5.629006221970733748e+01
5.800000000000000000e+01 8.649117505680675722e-01 -2.432326349970049401e-02 5.013342623260581554e-01 4.466438273389746527e+00 2.913267486878603693e-02 9.995739972603802093e-01 -1.763875248765104471e-03 -6.369457267635761921e-01 -5.010777893543840733e-01 1.613080449412037515e-02 8.652518975200768070e-01 5.716198590496098575e+01
5.900000000000000000e+01 8.452736638874711605e-01 -2.261890453030351508e-02 5.338546790055390678e-01 4.956002632475079217e+00 2.449539766478881289e-02 9.996935630104731851e-01 3.571493898586891331e-03 -6.495049395469417730e-01 -5.337718694643805994e-01 1.005809292423810036e-02 8.455686998317906156e-01 5.803386261900238452e+01
6.000000000000000000e+01 8.253078386707279890e-01 -2.367245213271597370e-02 5.641866592172164463e-01 5.536280652837263005e+00 2.415226227251502517e-02 9.996864072085277497e-01 6.614791729416853380e-03 -6.611802886241885391e-01 -5.641663226884217064e-01 8.167144698605414282e-03 8.256207713543142201e-01 5.884819738143640677e+01
6.100000000000000000e+01 8.017739789028758279e-01 -1.718670129585952999e-02 5.973802005865499476e-01 6.104256622456745163e+00 2.057222549284939625e-02 9.997877045334689905e-01 1.152996949227313387e-03 -6.603903983045538162e-01 -5.972731956923302832e-01 1.136499723978462613e-02 8.019573346165047578e-01 5.967124213964102353e+01
6.200000000000000000e+01 7.787731441460725712e-01 -1.172139628402732101e-02 6.271961406338547595e-01 6.719344861254716861e+00 1.966918417435255945e-02 9.997900768270530092e-01 -5.738072155991189027e-03 -6.814787610526470418e-01 -6.269972194123047959e-01 1.680509289782795845e-02 7.788402119189345996e-01 6.045941835055392488e+01
6.300000000000000000e+01 7.535696176109281108e-01 -8.545366333599221584e-03 6.573125650160299704e-01 7.354744168842852758e+00 1.864282661457893064e-02 9.997911291901335762e-01 -8.375142299286746778e-03 -6.917909313058319132e-01 -6.571037029491946235e-01 1.856541696108810272e-02 7.535715286975182003e-01 6.123153322481888239e+01
6.400000000000000000e+01 7.285670218714664914e-01 -9.293413701972546431e-03 6.849114739169687160e-01 8.023385829983810780e+00 1.779066141346613561e-02 9.998273762310055934e-01 -5.358181173791901931e-03 -7.135807973850946118e-01 -6.847434461225737623e-01 1.608882223109162415e-02 7.286065898627290816e-01 6.197479867586777402e+01
6.500000000000000000e+01 7.032471080394429030e-01 -9.069458532659693123e-03 7.108876493202658242e-01 8.727082373635886015e+00 1.890701942113305958e-02 9.998035513999319335e-01 -5.948380005432634017e-03 -7.333867068411837886e-01 -7.106940478509535808e-01 1.762394762828153189e-02 7.032804325581789584e-01 6.268502321810969136e+01
6.600000000000000000e+01 6.779551424749287181e-01 -6.884084717571662196e-03 7.350710402195212989e-01 9.473309779826854182e+00 1.948711044613228235e-02 9.997730355952324510e-01 -8.609867777754841647e-03 -7.514341958720792691e-01 -7.348449341992249195e-01 2.016151468246875009e-02 6.779354217087660839e-01 6.335046964449515627e+01
6.700000000000000000e+01 6.527387636054113873e-01 -4.553341792531286937e-03 7.575693853142485557e-01 1.024952659835910396e+01 2.023183867923701584e-02 9.997300532651925975e-01 -1.142336649279185150e-02 -7.597491890335923426e-01 -7.573128674402277438e-01 2.278349571272310706e-02 6.526546813840884420e-01 6.398088086863095469e+01
6.800000000000000000e+01 6.243629664404308777e-01 -2.351367037551383050e-03 7.811308195243411578e-01 1.100917582397297956e+01 1.815130301598560231e-02 9.997691256255407666e-01 -1.149894102773802405e-02 -7.971884475661618064e-01 -7.809234382041111422e-01 2.135805513131397437e-02 6.242614974067156597e-01 6.463013533025964819e+01
6.900000000000000000e+01 5.947172087449854594e-01 -1.271492946166491661e-03 8.039339680149546474e-01 1.179886913565491291e+01 1.875453156484614345e-02 9.997485476813116057e-01 -1.229263823948902393e-02 -8.261624192220869967e-01 -8.037161869518113511e-01 2.238804848108982837e-02 5.945915119784731528e-01 6.524295258071144588e+01
7.000000000000000000e+01 5.655753298749756075e-01 4.351511428220543841e-03 8.246851584605553453e-01 1.261863288818282136e+01 1.729022671801718272e-02 9.997037140947595546e-01 -1.713277809284817141e-02 -8.674287391519851509e-01 -8.245153693515081539e-01 2.394886998230460334e-02 5.653325192572191682e-01 6.581416574659684215e+01
7.100000000000000000e+01 5.386830078968842805e-01 1.252273753961886602e-02 8.424154545399127336e-01 1.348586291866307896e+01 1.740611276128083140e-02 9.995106967541882437e-01 -2.598834955311537728e-02 -9.019505932971286777e-01 -8.423287032042232614e-01 2.866266070111545342e-02 5.382014563709595079e-01 6.631087523494953473e+01
7.200000000000000000e+01 5.071132014838424240e-01 2.123467883164223413e-02 8.616178325079707490e-01 1.433929191661175473e+01 1.611648082528777462e-02 9.992880248597850734e-01 -3.411308279287877943e-02 -9.217112765299088073e-01 -8.617287623879208436e-01 3.118544190392180324e-02 5.064099211968871028e-01 6.683170962403929138e+01
7.300000000000000000e+01 4.753175282763329457e-01 2.565984446878071326e-02 8.794400603197035649e-01 1.522210171344253204e+01 1.551861369652098553e-02 9.991745876862824227e-01 -3.754085708773449021e-02 -9.546007918050372076e-01 -8.796774522188327561e-01 3.149151796566458661e-02 4.745269901217414321e-01 6.730028741096967337e+01
7.400000000000000000e+01 4.403224371464264930e-01 2.415666613034668508e-02 8.975146833489168197e-01 1.610787092496501671e+01 1.460459644242109549e-02 9.993130199930441160e-01 -3.406161821071792412e-02 -1.003920841725790103e+00 -8.977209238444793238e-01 2.810593449515379899e-02 4.396671460752621385e-01 6.776178544627931899e+01
7.500000000000000000e+01 4.039689549723484707e-01 2.395518033178571649e-02 9.144589836366794344e-01 1.700527613428133478e+01 1.113023940970796558e-02 9.994543490262161045e-01 -3.109858490770570430e-02 -1.027709085236049313e+00 -9.147049804112967752e-01 2.274101026452104990e-02 4.034819020264914791e-01 6.820235100299322539e+01
7.600000000000000000e+01 3.705666414766533578e-01 2.414048527362956317e-02 9.284921115418677262e-01 1.794046631749280962e+01 7.838541859400421571e-03 9.995452971769365202e-01 -2.911625238564621160e-02 -1.072245696017050776e+00 -9.287728040194929147e-01 1.806753614138158909e-02 3.702089175743149552e-01 6.855368533311916224e+01
7.700000000000000000e+01 3.327502001745001325e-01 2.878935757133394696e-02 9.425754490620201764e-01 1.886538535543330397e+01 1.304950102496395085e-03 9.995188652701519905e-01 -3.098927353608035840e-02 -1.072946454625403501e+00 -9.430141045546771572e-01 1.154170090125942669e-02 3.325525338217166227e-01 6.893384882714852324e+01
7.800000000000000000e+01 2.932708764755832531e-01 3.131398105986246683e-02 9.555164193259237937e-01 1.980899011913047048e+01 -3.627729149217013421e-03 9.994926917247193288e-01 -3.164172514404079567e-02 -1.092996568777444111e+00 -9.560225063210917584e-01 5.813241699250557004e-03 2.932356963749153111e-01 6.926431522914805328e+01
7.900000000000000000e+01 2.582598425734672354e-01 3.026944353554040720e-02 9.656011674091873331e-01 2.077689947582210195e+01 -5.438009383418134640e-03 9.995387345145850810e-01 -2.987885973264465395e-02 -1.121121948763607934e+00 -9.660601853755657054e-01 2.465561401818885685e-03 2.583053217397947021e-01 6.951403595361728094e+01
8.000000000000000000e+01 2.211879894260949664e-01 2.949191098096929156e-02 9.747851560832987428e-01 2.174727887074318744e+01 -7.034929123942775843e-03 9.995648829264413004e-01 -2.864532409426682677e-02 -1.174464232155999488e+00 -9.752058157670423499e-01 -5.215428412456198787e-04 2.212992202589084967e-01 6.974965944717231991e+01
8.100000000000000000e+01 1.858504710619170441e-01 2.971132445808567085e-02 9.821287286323613364e-01 2.272967417703149096e+01 -7.519607885374766758e-03 9.995564601286427431e-01 -2.881559495033422791e-02 -1.210792989109536810e+00 -9.825492648734276413e-01 -2.029831036825910980e-03 1.859914564775687618e-01 6.993290704906911515e+01
8.200000000000000000e+01 1.481674980963736399e-01 2.848939101779648236e-02 9.885518434089861639e-01 2.371224481686034835e+01 -5.086757952644526543e-03 9.995937135800881945e-01 -2.804518968903096238e-02 -1.254381480029558737e+00 -9.889491985948476449e-01 -8.731383611978216263e-04 1.482522182903489305e-01 7.011361394214637244e+01
8.300000000000000000e+01 1.148151245127842918e-01 2.783424713215696539e-02 9.929968488719933539e-01 2.470682635387284165e+01 4.080099082107237901e-03 9.995857306497928363e-01 -2.849069800468692973e-02 -1.294750357560331633e+00 -9.933784978418814804e-01 7.322688570485134767e-03 1.146539936395818277e-01 7.020941540330838393e+01
8.400000000000000000e+01 8.228047869280243065e-02 3.037391001821793460e-02 9.961462485078669271e-01 2.570443824313655767e+01 6.941128690695493389e-03 9.994937524278740826e-01 -3.104930901228688742e-02 -1.348006318087127564e+00 -9.965850408061427412e-01 9.469131314261124491e-03 8.202799518195334760e-02 7.025339632039813864e+01
8.500000000000000000e+01 4.843356566981465300e-02 3.404084270092499337e-02 9.982461674079832203e-01 2.670172311719896641e+01 7.203509578253834873e-03 9.993811834432524410e-01 -3.442905211177040015e-02 -1.398194839639426812e+00 -9.988004300991574214e-01 8.858397584786478415e-03 4.815838064102659355e-02 7.030728502302426364e+01
8.600000000000000000e+01 2.190602586056457010e-02 3.846767567397115645e-02 9.990197014870362269e-01 2.770047055554688953e+01 1.544523717477066203e-02 9.991272143305925946e-01 -3.881049126975671948e-02 -1.438170693827120816e+00 -9.996407207990326560e-01 1.628027985715582368e-02 2.129276422077186828e-02 7.027719373731832775e+01
8.700000000000000000e+01 -2.780886332604269855e-03 3.610542238918391239e-02 9.993441174817170314e-01 2.869964934556966796e+01 1.720097902398096817e-02 9.992018562486297828e-01 -3.605241725465436337e-02 -1.476783349048401695e+00 -9.998481849720083359e-01 1.708943952814383563e-02 -3.399715398724104717e-03 7.026491332912530652e+01
8.800000000000000000e+01 -2.712380476390997136e-02 3.343958788352554418e-02 9.990726165686441007e-01 2.969835722757688501e+01 1.939591714679949827e-02 9.992697823034071281e-01 -3.291960773355524783e-02 -1.527600115472893094e+00 -9.994438941797392228e-01 1.848502468153505676e-02 -2.775258995768548759e-02 7.026538520498588980e+01
8.900000000000000000e+01 -4.590070851306884275e-02 3.035272502361213015e-02 9.984847705606966217e-01 3.069595811625958603e+01 1.979552913646955015e-02 9.993696406936976029e-01 -2.946961631837437950e-02 -1.563411204246905717e+00 -9.987498495540330090e-01 1.841285809933598805e-02 -4.647262282686893259e-02 7.020613967502526975e+01
9.000000000000000000e+01 -6.141342911795228537e-02 3.371552908660638975e-02 9.975428080149704169e-01 3.169290065240688037e+01 2.184477405823320034e-02 9.992353272899289207e-01 -3.242786675265853930e-02 -1.601694438016299626e+00 -9.978733369372675410e-01 1.979959075824351197e-02 -6.210297605982560698e-02 7.013802232310696638e+01
9.100000000000000000e+01 -7.358283437065847588e-02 3.767381213593211375e-02 9.965772676341431158e-01 3.268794193810254711e+01 2.418655985469850972e-02 9.990597170992248088e-01 -3.598182863624172639e-02 -1.646099086663504352e+00 -9.969957757224313655e-01 2.145613079657363031e-02 -7.442484560189079057e-02 7.004902194704233409e+01
9.200000000000000000e+01 -8.576895848970171599e-02 4.402752800862146099e-02 9.953417817699856673e-01 3.368366845968435541e+01 2.756891574961276709e-02 9.987454676081596316e-01 -4.180246184790337854e-02 -1.680621601529166842e+00 -9.959335523236375609e-01 2.385514010868853771e-02 -8.687514976339728856e-02 6.996336629815708363e+01
9.300000000000000000e+01 -9.427478611845137302e-02 4.843924183616031554e-02 9.943670874242903635e-01 3.467672042407770761e+01 3.142065807495999369e-02 9.984627808442481101e-01 -4.565980195865580044e-02 -1.719416029624001530e+00 -9.950502534789155140e-01 2.693910019109160489e-02 -9.565185796647183991e-02 6.985226819572814350e+01
9.400000000000000000e+01 -1.018035947391182222e-01 5.477523586911304393e-02 9.932953748174229158e-01 3.567138903770814551e+01 3.529261969335757698e-02 9.980532896470376558e-01 -5.142044359886516203e-02 -1.762490122306797025e+00 -9.941782833543336695e-01 2.982120990515967421e-02 -1.035385741954152200e-01 6.975857202932807866e+01
9.500000000000000000e+01 -1.031471371484930372e-01 5.977958616458219077e-02 9.928681026078286509e-01 3.666296719386588165e+01 3.595958117565135892e-02 9.977639360002971136e-01 -5.633858836414465387e-02 -1.817505717918642905e+00 -9.940158834846346547e-01 2.989195703169406776e-02 -1.050661424297768404e-01 6.964132850298095434e+01
9.600000000000000000e+01 -1.073316800951499977e-01 6.307783943229239298e-02 9.922202863379258053e-01 3.765718172702958100e+01 3.692822330293277222e-02 9.975496643200458813e-01 -5.942199541120937040e-02 -1.880555821095353686e+00 -9.935372246532276908e-01 3.026306969749749734e-02 -1.093980339898475290e-01 6.955436789962804767e+01
9.700000000000000000e+01 -1.116307445554058086e-01 6.703570139471365374e-02 9.914861530089733588e-01 3.865177130024002849e+01 3.826411879921249454e-02 9.972722183845745825e-01 -6.311877415497270383e-02 -1.943991317229481153e+00 -9.930128066054951796e-01 3.089234819216738620e-02 -1.138913023046490280e-01 6.947210296972905041e+01
9.800000000000000000e+01 -1.137013481821161770e-01 7.007749828531134595e-02 9.910404369427366911e-01 3.963930758754476358e+01 4.015925930432279883e-02 9.970182440868075036e-01 -6.589275263779227620e-02 -2.025518733888846512e+00 -9.927029955196540190e-01 3.230735507790700317e-02 -1.161765789398760962e-01 6.933747250664863770e+01
9.900000000000000000e+01 -1.168435841766917033e-01 7.352535909173275874e-02 9.904249584936686279e-01 4.062955923360976129e+01 4.225307305873601121e-02 9.967209094921899437e-01 -6.900801691218981515e-02 -2.100330359713466155e+00 -9.922511046372456400e-01 3.378535409748488483e-02 -1.195671158582940069e-01 6.921997825952544758e+01
1.000000000000000000e+02 -1.186283888650326579e-01 7.473642976345951094e-02 9.901220992491316375e-01 4.161661988385168343e+01 4.556080330163946035e-02 9.965227736338415632e-01 -6.976084024453256538e-02 -2.180872680827403265e+00 -9.918928967170762556e-01 3.683514212441844904e-02 -1.216209428794178399e-01 6.908132687203297451e+01
1.010000000000000000e+02 -1.222714044055314142e-01 7.275545872297604910e-02 9.898264226068719251e-01 4.260760538044853973e+01 4.390282500835734902e-02 9.967298150882235586e-01 -6.783964674494748215e-02 -2.258621653000712826e+00 -9.915252117929135300e-01 3.516132733848048586e-02 -1.250657244764220577e-01 6.897222672143416844e+01
1.020000000000000000e+02 -1.252956791524387770e-01 7.276144488491299855e-02 9.894477070184146683e-01 4.359993208054760316e+01 4.298881901768816099e-02 9.967685382866829924e-01 -6.785604262916974938e-02 -2.338479262324339558e+00 -9.911876483417207950e-01 3.403311945866516197e-02 -1.280187195480383400e-01 6.887783136930482897e+01
1.030000000000000000e+02 -1.271920074541861567e-01 7.288297073537096382e-02 9.891967781066470788e-01 4.458867009267085990e+01 4.134374217458693102e-02 9.968195378529560724e-01 -6.812858385155379226e-02 -2.419398474762429085e+00 -9.910160887809904562e-01 3.223168520888593930e-02 -1.298007328400744842e-01 6.875193766636080284e+01
1.040000000000000000e+02 -1.296006018793002534e-01 7.479531680971698848e-02 9.887412930468046923e-01 4.557648391761289730e+01 3.955615058973309395e-02 9.967472172805026398e-01 -7.021606507128205776e-02 -2.495517762176595156e+00 -9.907769652868610999e-01 3.001075518721503521e-02 -1.321376540962045376e-01 6.861618163026312800e+01
1.050000000000000000e+02 -1.315893775240255525e-01 7.770478841421377125e-02 9.882541179172247281e-01 4.656351070421057159e+01 3.722257608047944283e-02 9.966073175814715857e-01 -7.340527483086815852e-02 -2.554233598506648217e+00 -9.906052268955423123e-01 2.712600966904920446e-02 -1.340353089550020416e-01 6.846674745377481486e+01
1.060000000000000000e+02 -1.350531446581870743e-01 8.079629511460723057e-02 9.875386609210285993e-01 4.755136535861970515e+01 3.444284842205395936e-02 9.964502654821033589e-01 -7.681509365495105268e-02 -2.624378013245477259e+00 -9.902395358247960688e-01 2.363952445370915215e-02 -1.373565963945410917e-01 6.832810062603194012e+01
1.070000000000000000e+02 -1.369408987066775552e-01 8.623529312661799839e-02 9.868184556851294920e-01 4.854063808213512488e+01 3.047994381558578533e-02 9.960985852980556166e-01 -8.281655264626001933e-02 -2.692433542860559914e+00 -9.901101773471482348e-01 1.873719793830018465e-02 -1.390350823605874253e-01 6.819884149328997580e+01
1.080000000000000000e+02 -1.387185793878611129e-01 8.781208578472325665e-02 9.864310383005796545e-01 4.952633244734426654e+01 2.816171438528257062e-02 9.960080782729763271e-01 -8.470434379566532668e-02 -2.795586765904252591e+00 -9.899313479102936908e-01 1.602952292208477056e-02 -1.406377645563078038e-01 6.806555221776243059e+01
1.090000000000000000e+02 -1.433665039877439207e-01 8.767517266629505646e-02 9.857784282648289764e-01 5.051747461256429972e+01 2.592787652718645322e-02 9.960589999855870014e-01 -8.481871118157495448e-02 -2.863157666998856321e+00 -9.893299706129996540e-01 1.339897927636750884e-02 -1.450747276448548784e-01 6.795122207454453189e+01
1.100000000000000000e+02 -1.449965761981067136e-01 8.222807777905087601e-02 9.860093996081364942e-01 5.150032266890153210e+01 2.404722214916791417e-02 9.965391869940128933e-01 -7.956996853223531618e-02 -2.974724100147495331e+00 -9.891398910152855439e-01 1.217341406818101164e-02 -1.464721270146300824e-01 6.780437988323485854e+01
1.110000000000000000e+02 -1.476649271526977170e-01 8.068382939724121072e-02 9.857409339997977860e-01 5.248743214469573104e+01 2.280858205357138430e-02 9.966796893561421511e-01 -7.816242965549984045e-02 -3.057387264482737343e+00 -9.887744120241428458e-01 1.094150349554183152e-02 -1.490149174665528209e-01 6.766733359886571009e+01
1.120000000000000000e+02 -1.503325318165483759e-01 8.157482564753115728e-02 9.852642679495737799e-01 5.347315943403062732e+01 2.239258932802864685e-02 9.966153149092635832e-01 -7.909795213212486575e-02 -3.134889044354110421e+00 -9.883818603256581126e-01 1.017162272624918401e-02 -1.516503751076883344e-01 6.751788399138125385e+01
1.130000000000000000e+02 -1.531813801761489346e-01 8.354937388360812733e-02 9.846598229292162774e-01 5.445770357119635463e+01 2.429287874359258373e-02 9.964367262579633122e-01 -8.076946580647022256e-02 -3.245078943019672035e+00 -9.878994487343716324e-01 1.154784343378146075e-02 -1.546652077952572202e-01 6.738175527213115856e+01
1.140000000000000000e+02 -1.533331672595074358e-01 8.705788224564357802e-02 9.843321923807429874e-01 5.543792699966136439e+01 2.365558625348045466e-02 9.961495830712207011e-01 -8.441813422504577946e-02 -3.315185830826619551e+00 -9.878913670324122043e-01 1.034085518407669609e-02 -1.548021758790565638e-01 6.719669567478389638e+01
1.150000000000000000e+02 -1.524926811857652831e-01 8.747491760345257883e-02 9.844257823599777968e-01 5.642191818043219342e+01 2.231532698674760715e-02 9.961260920334416014e-01 -8.505783298238112078e-02 -3.407878151924640608e+00 -9.880526344108631065e-01 8.997086220214228422e-03 -1.538539699627391177e-01 6.704448040033778966e+01
1.160000000000000000e+02 -1.531590674176338540e-01 8.659907519014298227e-02 9.843997664790364865e-01 5.740647925414824471e+01 1.914140573380245652e-02 9.962259136563861306e-01 -8.466129898621616023e-02 -3.489443822559847863e+00 -9.880161469603067070e-01 5.876149735342184495e-03 -1.542386599072803066e-01 6.688960453553977459e+01
1.170000000000000000e+02 -1.541764655250857929e-01 8.547616886172515471e-02 9.843390889500034380e-01 5.839288589442359978e+01 1.594964657318398080e-02 9.963364311885707369e-01 -8.401978731592597838e-02 -3.589990508556434090e+00 -9.879145844921911612e-01 2.745986734384512577e-03 -1.549749441183073950e-01 6.675963413908044686e+01
1.180000000000000000e+02 -1.525422511381113733e-01 8.580892873876722060e-02 9.845647207606167406e-01 5.937214743355582414e+01 1.337784430735047825e-02 9.963115824124891828e-01 -8.476003794483913389e-02 -3.685993312275319678e+00 -9.882064029844179753e-01 2.418665501889416926e-04 -1.531275501050241850e-01 6.658122365829385103e+01
1.190000000000000000e+02 -1.543544451278051899e-01 8.647790822756185047e-02 9.842236923880065547e-01 6.035977259546424278e+01 9.216057890788440995e-03 9.962448413254361146e-01 -8.608879375047399918e-02 -3.758572716121031387e+00 -9.879725550571923920e-01 -4.217525464542112856e-03 -1.545718051027267781e-01 6.644219571253191248e+01
1.200000000000000000e+02 -1.535392866280177182e-01 8.708693308241051423e-02 9.842974924015949201e-01 6.134468657978452200e+01 5.557999155277544394e-03 9.961691632755295123e-01 -8.727030872136534723e-02 -3.831982865902193502e+00 -9.881269129555907416e-01 -7.928696313574420604e-03 -1.534351317906631484e-01 6.628549410628785665e+01
