0.0 1.0 0.0 0.0 0.0 0.0 1.0 0.0 0.0 0.0 0.0 1.0 0.0
1.0 0.9999902593568939 -0.003086013396744743 -0.003155584359163675 0.002538020541621378 0.003093529420573935 0.9999923834840239 0.002379716299296609 0.00432920918309036 0.0031482164882249046 -0.002389455012383619 0.9999921895883424 0.999987408120512
2.0 0.9999868243377564 -0.004184673537215152 -0.0029731562819734457 -0.010703307272426636 0.004194231541527571 0.999986033306728 0.003215837877039388 -0.004255681786473256 0.002959657525147565 -0.003228265612101442 0.9999904093182451 1.9998628838097408
3.0 0.9999811723493786 -0.00202962208916482 -0.005790991360638358 -0.018579378903570604 0.002040453936343475 0.9999961788362328 0.0018651704122007076 -0.005796077018946208 0.005787183641243313 -0.001876951546540996 0.9999814926079357 2.9998306806303128
4.0 0.9999816531724819 -0.0021631366807164055 -0.0056581055250016585 -0.03304504699006329 0.002174062826233956 0.9999957827035935 0.0019256234974362157 -0.026829117971793846 0.005653916276273071 -0.001937889245242666 0.9999821387484947 3.999504805350507
5.0 0.9999700099872506 -0.0020968847023289847 -0.007455347117788934 -0.054251267271975594 0.0021102158860147368 0.9999961880039264 0.0017807207888127414 -0.03817074902350842 0.007451584731853918 -0.0017963997768971204 0.999970622984908 4.9992155953425135
6.0 0.9999558589504303 -0.0025464569379659826 -0.009044097952469366 -0.07059863584033338 0.002564714632661578 0.999994695640779 0.002007717399499396 -0.0472091831737925 0.009038937413423674 -0.002030824307103884 0.9999570857607187 5.999041115245362
7.0 0.9999246189726813 -0.0035175248074628728 -0.011763647035272063 -0.0812592764880993 0.003527830301247327 0.999993411322072 0.0008554097313129047 -0.05879050803057002 0.011760560603440162 -0.0008968454001126089 0.9999304400220153 6.998917219398042
8.0 0.99991171290024 -0.006010968848911603 -0.011850513001900292 -0.10397947055482756 0.006024189538199848 0.9999812709344243 0.0010802410742025467 -0.07265358463338797 0.011843797757418933 -0.0011515354392992309 0.9999291967038532 7.998562960592728
9.0 0.9998965997632424 -0.005934474885766506 -0.013098541511909152 -0.11448820446122789 0.005946781745975109 0.9999819120000224 0.0009008105473820158 -0.07987080938621889 0.013092958747920408 -0.0009786115709198744 0.9999138046604908 8.998481696380066
10.0 0.9998954421441043 -0.00452301369518146 -0.013734887206040077 -0.13294434820330622 0.004536925756561816 0.999989226020824 0.0009819098476993885 -0.09674994105703745 0.013730298034962904 -0.0010441213448393633 0.9999051898687632 9.998168880289219
11.0 0.9999055012109584 -0.0017708557375516454 -0.013632781008380269 -0.1721628797970687 0.0017946173563703211 0.9999968915917519 0.001730940603968989 -0.11520927565881968 0.013629673386031584 -0.001755242657591006 0.9999055711048933 10.997229018491966
12.0 0.999919380066197 0.00028853044394502094 -0.01269449164869529 -0.21170317819656057 -0.000258443237631732 0.9999971541760257 0.0023716759768424244 -0.13709078641241043 0.01269513982312934 -0.002368203966960124 0.9999166090403949 11.996207378762907
13.0 0.9999267067085535 0.0018338808627419672 -0.011967376152348528 -0.2334009030766472 -0.0017861663123758934 0.99999041866124 0.003996522941185371 -0.15907353742964275 0.011974590635803115 -0.0039748542987335595 0.999920401688259 12.995730248632698
14.0 0.9999273884075568 0.0011127241000784783 -0.011999156533862807 -0.24127921105787165 -0.0010625491471325929 0.9999906695284598 0.004187104647527838 -0.16186645975790073 0.012003703668325344 -0.0041740509216500275 0.99991924093756 13.995695313946593
15.0 0.9999294356829485 0.0014619808779892727 -0.011789243686387531 -0.2714672414715492 -0.0014185044053293496 0.9999921661695421 0.003695327427384027 -0.17417715041754503 0.011794553829488255 -0.003678343575022921 0.9999236762315948 14.995163737517453
16.0 0.9999297364626529 0.0007957818989149544 -0.011827462487909836 -0.30066451383281845 -0.0007312030666818988 0.9999848082037683 0.0054633967222410705 -0.19552637188839797 0.011831630479728185 -0.005454364567818935 0.9999151276120147 15.994509388445726
17.0 0.9999413673118349 0.0017698954631986885 -0.010683136645723276 -0.319150729925818 -0.0016969949553085225 0.99997524150768 0.006829098020689909 -0.21353811028344188 0.01069495893697146 -0.006810568383320265 0.9999196137748435 16.99417625150289
18.0 0.9999519919127569 0.002075377526098905 -0.009576360364867337 -0.34769127307659514 -0.0020314717540161485 0.999987392057612 0.004592259610053099 -0.2225845517497966 0.009585770299056526 -0.004572585038865293 0.9999436006464743 17.993727950662795
19.0 0.9999571322998675 0.0039327641569412986 -0.008382537128750927 -0.3658738798515021 -0.003911797218019456 0.999989183246846 0.0025161939169746823 -0.2296017073285152 0.008392342054164819 -0.0024832952681078887 0.9999617001862906 18.993538008793063
20.0 0.9999635581607476 0.0005370395652185431 -0.008520207685671572 -0.36657206506563134 -0.0005144701041979545 0.9999963540080413 0.002650903833309536 -0.23743305124857703 0.008521600261305159 -0.002646423837362035 0.9999601885924552 19.99350709961028
21.0 0.9999627948262253 0.000800796447094277 -0.008588811814213216 -0.3800432569465464 -0.0007534953857787668 0.999984540852156 0.005509110763420825 -0.2436025535735498 0.0085930907148278 -0.0055024341659258656 0.9999479396499676 20.993397325700307
22.0 0.999964328276248 0.0009891770610938088 -0.008388307563441139 -0.40195013784968897 -0.0009297373990236575 0.9999744550017741 0.00708695507753482 -0.2541343859147579 0.008395103537535236 -0.0070789033503744795 0.9999397038641624 21.993101866590575
23.0 0.9999690079833377 0.0002870851330558682 -0.007867696927957673 -0.4232231306655424 -0.000244180183081349 0.9999850985297619 0.00545372299062234 -0.256918865068454 0.007869145370496697 -0.00545163283307191 0.9999541770754243 22.99287169332696
24.0 0.999969100351756 0.0017303278225838231 -0.007668396659710381 -0.4188155015480261 -0.0017006934250708005 0.999991067956151 0.003869321618610048 -0.2514271822319561 0.007675023360106586 -0.003856160466152757 0.9999631113410531 23.992846900132204
25.0 0.9999515591481192 0.00400045022423539 -0.008993094865138851 -0.41625436257749465 -0.003981541744103885 0.9999898275202175 0.002119476686285737 -0.2452354697614984 0.009001482244048278 -0.002083567634414948 0.9999573151206611 24.99282445151216
26.0 0.9999666150434392 0.0026179479555569615 -0.007740487521600405 -0.4256514612619087 -0.002598858489528781 0.999993559602732 0.00247521465870804 -0.27736109473184195 0.007746917652941257 -0.0024550155920652567 0.9999669785374512 25.992264113901328
27.0 0.9999670529255192 0.003468825245499321 -0.007338958704887576 -0.43555451061537775 -0.003450788413606833 0.9999909982069354 0.002468919686715952 -0.27205107938408807 0.007347456892038608 -0.0024435131493680644 0.9999700216110015 26.99220097858355
28.0 0.9999825133547722 0.0017636360742446751 -0.005644694187908305 -0.448612441764517 -0.0017370545697697488 0.9999873965692093 0.004710556671443889 -0.29375789825312093 0.005652930753071512 -0.004700669157776161 0.9999729736764734 27.991880079319728
29.0 0.9999912098889224 0.0016949187773177045 -0.003835022194486389 -0.4494571283183843 -0.0016703562783978022 0.9999781314339127 0.006398950214058548 -0.31857544892406964 0.0038457840289232055 -0.0063924881131747135 0.9999721726332808 28.99157171961853
30.0 0.9999957679750989 0.0019368991828305423 -0.0021708186134415663 -0.451473560927482 -0.0019205367312791451 0.9999699224805648 0.0075143644358962895 -0.329876700133008 0.002185307886938113 -0.007510163498034499 0.9999694104689758 29.991505825307826
31.0 0.9999951314625489 0.0019989801527856006 0.002396065431372904 -0.4605837824744916 -0.0020129107824024607 0.9999810044196585 0.005825717984322668 -0.33130064592194675 -0.002384374422092916 -0.005830512687538324 0.9999801597433892 30.991463312525035
32.0 0.99997864301074 0.0007138918646056696 0.006496451401210549 -0.4685091828431912 -0.0007453229589133753 0.9999880235995889 0.00483706016859436 -0.355269687686488 -0.0064929204592041245 -0.004841798817932766 0.9999671989461033 31.991144598268583
33.0 0.9999617462170419 0.0005035736923182272 0.008732268668796055 -0.4578091526982443 -0.0005271517160763522 0.9999962214154547 0.00269801146781498 -0.36507627992393815 -0.008730877025583625 -0.002702511489083562 0.9999582332367757 32.991039262772595
34.0 0.9998944468568398 0.001720809066384052 0.014426848616937868 -0.46634962590837353 -0.001775714484823796 0.9999912267885472 0.0037938349996808935 -0.3720685175957416 -0.014420193581480294 -0.003819052512531205 0.9998887302370086 33.99097834538197
35.0 0.9997913074156578 0.00222116164367227 0.02030783240640568 -0.45457325697090806 -0.002292217324167915 0.9999913304243309 0.0034763221823082054 -0.38677002362212576 -0.020299934872623306 -0.0035221466649059236 0.9997877310344612 34.990800921069884
36.0 0.9996511129232938 0.0016069799426543696 0.026364181130620015 -0.43209391549015114 -0.0016554127149360747 0.9999969820620781 0.0018153444519838104 -0.4016579323476533 -0.026361184343034385 -0.0018583547024269233 0.9996507562533179 35.99043736967526
37.0 0.9994369757509721 0.0028330856498677134 0.033432097263798484 -0.4096421495480462 -0.0028820747216317783 0.9999948425374656 0.001417231021156568 -0.40823565596840455 -0.03342790970214054 -0.0015127868881400265 0.9994399863567469 36.99016365809527
38.0 0.9990263789760124 0.005072083757275792 0.043824286376860026 -0.4171610567982609 -0.005164112387333085 0.9999846917913024 0.00198698925608642 -0.4104040641265495 -0.04381353732960614 -0.002211368221716737 0.9990372784822662 37.99013303964644
39.0 0.9985157153317664 0.00869660351696158 0.05376555889009549 -0.3618316360336831 -0.008814082653026209 0.9999592572283073 0.0019482890946428632 -0.3967331278550204 -0.05374642483441182 -0.0024192913589535605 0.9985516856161416 38.9885075989674
40.0 0.9977730960026 0.011187279752193111 0.06575479955971013 -0.30274520370732594 -0.01131542483177914 0.9999347354291586 0.0015767190912997116 -0.4147166424192543 -0.06573286890337077 -0.0023172513809988147 0.9978345655927977 39.986598469940006
41.0 0.9965722678071128 0.013870630598193748 0.08155562914110355 -0.24637670495963343 -0.01402367033485 0.999900813246651 0.001303970484021026 -0.4286963878062927 -0.08152945301013653 -0.0024432100794402 0.9966679381902347 40.98491062506376
42.0 0.9950510180755568 0.016529704439207392 0.09798081596902145 -0.15913496861498144 -0.016802019764385372 0.99985692531862 0.001954744032027104 -0.42430330751046275 -0.09793448605389118 -0.003591345645587488 0.9951863838888733 41.98108810939328
43.0 0.9932085126489064 0.016115904680719217 0.1152264206598216 -0.05098340704478581 -0.016548902227154764 0.9998591311093564 0.0028021014108854706 -0.44479870927743 -0.1151650304425264 -0.004689941744081058 0.9933353009984126 42.97501123430603
44.0 0.9905502089811212 0.015537182760581875 0.1362676756950297 0.0455571637614275 -0.015972265278508868 0.9998702299185672 0.0021000153481879253 -0.47187084904098303 -0.1362173639053927 -0.004256674107097564 0.9906698292045688 43.96997204631674
45.0 0.9873938093556999 0.016384821951401337 0.15743253429855486 0.1989999234488212 -0.016622107454588357 0.9998618250598771 0.00019060875588629896 -0.4659931943764576 -0.1574076579770266 -0.002805066407529461 0.9875297265463122 44.95811210353291
46.0 0.9840407287522067 0.013656565282720875 0.17741855140179036 0.38064257821446307 -0.013767376916510012 0.9999050412213027 -0.0006065254009757076 -0.48061429759105473 -0.17740998700656446 -0.00184574237154638 0.9841353005280451 45.941368005783424
47.0 0.9795426520435783 0.008319227301447374 0.201064624647266 0.5690271377902847 -0.00865661049343739 0.9999622118091936 0.0007987793369172823 -0.48686215363481605 -0.2010503815519972 -0.002522976569661716 0.9795776532092912 46.92344347233794
48.0 0.97407721459962 0.0024686195949280886 0.2262023119137972 0.7638599712161324 -0.0032692835181493463 0.999989647083432 0.0031650452178145112 -0.5114576975018644 -0.22619215676749 -0.0038225179199570586 0.9740752006768368 47.90397150673632
49.0 0.9687188891741638 -0.004035518020157269 0.24812784678767885 1.0555743929012975 0.0033578272575337047 0.9999893874489064 0.003154359787484628 -0.5303674468280872 -0.2481379429939908 -0.002222517462090824 0.9687221591678592 48.86029002980345
50.0 0.9619570409389108 -0.012817279692110151 0.2728999243850314 1.342904738870744 0.012820920923625788 0.9999162420478109 0.0017699931221999126 -0.5562514925292016 -0.27289975334311195 0.0017961710042904606 0.9620407987164522 49.817771772952234
51.0 0.9535691972572458 -0.01591810453969894 0.3007530548307734 1.6229397844794855 0.015830020282036856 0.9998709706809896 0.002729917091174667 -0.5577552142445777 -0.3007577039745596 0.0021577621086454795 0.9536981427908051 50.777760372911565
52.0 0.9452820443653773 -0.01825412958853084 0.3257432168954335 1.9715624109336132 0.01776281496170729 0.9998321799994992 0.004482660157063412 -0.5686021482648868 -0.3257703777280184 0.0015487383292807396 0.9454476518583824 51.714960782827504
53.0 0.9349257169847971 -0.021199189648517608 0.3542096809500216 2.316012157959349 0.019932566515815712 0.9997752250923936 0.007224408871651626 -0.5729046264468115 -0.3542832151154803 0.0003060223819619033 0.9351381234008896 52.65375568079798
54.0 0.9233807193817336 -0.02360936751871028 0.38315877236394574 2.6952971339106004 0.023141844450783235 0.99971519106808 0.005830247261208525 -0.5762101911576641 -0.38318729377354654 0.003483462799771355 0.9236640966159859 53.579029683599096
55.0 0.9110219168437814 -0.02228274791814971 0.41175544462156893 3.097237337854501 0.023388297817048237 0.9997236845485886 0.002354161807122632 -0.584868643830934 -0.4116941274241225 0.007485565964515077 0.9112913429560705 54.494654663408426
56.0 0.8979470169468201 -0.023563992800686072 0.43947228922834713 3.550109341334296 0.027385616919211687 0.9996221653859927 -0.0023567891234005985 -0.610633564091548 -0.4392507060236415 0.01415149152234674 0.8982530559621951 55.385857848629485
57.0 0.88170477067417 -0.024447213311325006 0.4711677314202733 3.9768995631591744 0.030116878686176404 0.9995362727660634 -0.004495891805471515 -0.6268989223223916 -0.4708393260854668 0.01815415066134445 0.882032173917225 56.29006221970734
58.0 0.8649117505680676 -0.02432326349970049 0.5013342623260582 4.4664382733897465 0.02913267486878604 0.9995739972603802 -0.0017638752487651045 -0.6369457267635762 -0.5010777893543841 0.016130804494120375 0.8652518975200768 57.161985904960986
59.0 0.845273663887471 -0.022618904530303515 0.5338546790055391 4.956002632475079 0.02449539766478881 0.9996935630104733 0.0035714938985868918 -0.6495049395469418 -0.5337718694643806 0.0100580929242381 0.8455686998317905 58.033862619002385
60.0 0.825307838670728 -0.023672452132715974 0.5641866592172164 5.536280652837263 0.024152262272515025 0.9996864072085276 0.0066147917294168525 -0.6611802886241884 -0.5641663226884217 0.008167144698605414 0.8256207713543142 58.84819738143641
61.0 0.8017739789028758 -0.017186701295859527 0.59738020058655 6.104256622456745 0.0205722254928494 0.999787704533469 0.0011529969492273132 -0.6603903983045537 -0.5972731956923303 0.011364997239784626 0.8019573346165046 59.67124213964102
62.0 0.7787731441460725 -0.01172139628402732 0.6271961406338548 6.719344861254717 0.01966918417435256 0.999790076827053 -0.005738072155991189 -0.681478761052647 -0.6269972194123048 0.01680509289782796 0.7788402119189347 60.45941835055392
63.0 0.7535696176109281 -0.008545366333599222 0.65731256501603 7.354744168842851 0.018642826614578927 0.9997911291901336 -0.008375142299286745 -0.6917909313058319 -0.6571037029491945 0.018565416961088103 0.7535715286975182 61.23153322481888
64.0 0.7285670218714666 -0.009293413701972546 0.6849114739169687 8.023385829983809 0.017790661413466136 0.9998273762310058 -0.005358181173791902 -0.7135807973850946 -0.6847434461225738 0.016088822231091624 0.728606589862729 61.974798675867774
65.0 0.7032471080394429 -0.009069458532659693 0.7108876493202657 8.727082373635886 0.018907019421133056 0.999803551399932 -0.005948380005432634 -0.7333867068411837 -0.7106940478509536 0.017623947628281532 0.703280432558179 62.68502321810969
66.0 0.6779551424749287 -0.006884084717571662 0.7350710402195214 9.473309779826854 0.01948711044613228 0.9997730355952323 -0.008609867777754842 -0.7514341958720792 -0.7348449341992249 0.020161514682468754 0.6779354217087661 63.35046964449516
67.0 0.6527387636054114 -0.004553341792531287 0.7575693853142484 10.249526598359104 0.020231838679237012 0.9997300532651925 -0.011423366492791851 -0.7597491890335923 -0.7573128674402276 0.022783495712723107 0.6526546813840884 63.98088086863096
68.0 0.6243629664404309 -0.002351367037551383 0.7811308195243412 11.00917582397298 0.0181513030159856 0.9997691256255408 -0.011498941027738024 -0.7971884475661618 -0.780923438204111 0.02135805513131397 0.6242614974067157 64.63013533025965
69.0 0.5947172087449856 -0.0012714929461664917 0.8039339680149545 11.798869135654911 0.018754531564846143 0.9997485476813117 -0.012292638239489024 -0.826162419222087 -0.8037161869518114 0.02238804848108983 0.5945915119784732 65.24295258071145
70.0 0.5655753298749756 0.004351511428220544 0.8246851584605553 12.61863288818282 0.017290226718017183 0.9997037140947597 -0.01713277809284817 -0.8674287391519852 -0.8245153693515082 0.023948869982304603 0.5653325192572192 65.81416574659684
71.0 0.5386830078968843 0.012522737539618866 0.8424154545399126 13.485862918663077 0.01740611276128083 0.9995106967541881 -0.025988349553115377 -0.9019505932971287 -0.8423287032042232 0.028662660701115453 0.5382014563709595 66.31087523494953
72.0 0.5071132014838424 0.021234678831642238 0.8616178325079707 14.339291916611755 0.016116480825287775 0.999288024859785 -0.03411308279287878 -0.9217112765299088 -0.8617287623879208 0.031185441903921803 0.5064099211968871 66.83170962403929
73.0 0.47531752827633295 0.025659844468780717 0.8794400603197036 15.222101713442532 0.015518613696520984 0.9991745876862824 -0.03754085708773449 -0.9546007918050371 -0.8796774522188326 0.03149151796566459 0.47452699012174143 67.30028741096967
74.0 0.4403224371464265 0.024156666130346685 0.8975146833489168 16.107870924965017 0.014604596442421095 0.999313019993044 -0.034061618210717924 -1.00392084172579 -0.8977209238444793 0.0281059344951538 0.4396671460752621 67.76178544627932
75.0 0.40396895497234847 0.02395518033178572 0.9144589836366793 17.005276134281335 0.011130239409707964 0.999454349026216 -0.031098584907705704 -1.027709085236049 -0.9147049804112968 0.022741010264521046 0.4034819020264914 68.20235100299323
76.0 0.37056664147665336 0.024140485273629563 0.9284921115418675 17.94046631749281 0.007838541859400422 0.9995452971769363 -0.029116252385646208 -1.0722456960170508 -0.9287728040194928 0.01806753614138159 0.37020891757431496 68.55368533311916
77.0 0.33275020017450013 0.028789357571333943 0.94257544906202 18.865385355433304 0.001304950102496395 0.9995188652701522 -0.03098927353608036 -1.0729464546254035 -0.9430141045546772 0.011541700901259427 0.3325525338217166 68.93384882714852
78.0 0.29327087647558325 0.03131398105986247 0.9555164193259237 19.80899011913047 -0.003627729149217013 0.9994926917247192 -0.031641725144040796 -1.092996568777444 -0.9560225063210915 0.005813241699250557 0.29323569637491526 69.26431522914805
79.0 0.25825984257346724 0.030269443535540407 0.9656011674091872 20.7768994758221 -0.0054380093834181355 0.999538734514585 -0.02987885973264465 -1.121121948763608 -0.9660601853755656 0.0024655614018188857 0.2583053217397947 69.51403595361728
80.0 0.22118798942609497 0.029491910980969288 0.9747851560832989 21.747278870743187 -0.007034929123942776 0.9995648829264413 -0.028645324094266823 -1.1744642321559995 -0.9752058157670423 -0.0005215428412456199 0.22129922025890847 69.74965944717232
81.0 0.18585047106191704 0.02971132445808567 0.9821287286323612 22.729674177031487 -0.007519607885374767 0.9995564601286429 -0.028815594950334228 -1.2107929891095368 -0.9825492648734275 -0.002029831036825911 0.1859914564775688 69.93290704906912
82.0 0.14816749809637364 0.02848939101779648 0.9885518434089859 23.71224481686035 -0.005086757952644527 0.9995937135800882 -0.02804518968903096 -1.2543814800295587 -0.9889491985948476 -0.0008731383611978216 0.14825221829034893 70.11361394214637
83.0 0.11481512451278428 0.027834247132156965 0.9929968488719932 24.70682635387284 0.004080099082107238 0.9995857306497928 -0.02849069800468693 -1.2947503575603316 -0.9933784978418816 0.007322688570485135 0.11465399363958181 70.20941540330838
84.0 0.08228047869280243 0.03037391001821793 0.9961462485078669 25.70443824313656 0.0069411286906954925 0.999493752427874 -0.031049309012286887 -1.3480063180871276 -0.9965850408061427 0.009469131314261123 0.08202799518195335 70.25339632039814
85.0 0.048433565669814646 0.03404084270092499 0.9982461674079832 26.701723117198966 0.007203509578253834 0.9993811834432524 -0.0344290521117704 -1.3981948396394268 -0.9988004300991574 0.008858397584786478 0.048158380641026594 70.30728502302425
86.0 0.021906025860564567 0.03846767567397116 0.9990197014870361 27.70047055554689 0.015445237174770662 0.9991272143305925 -0.03881049126975672 -1.4381706938271208 -0.9996407207990327 0.016280279857155824 0.02129276422077187 70.27719373731833
87.0 -0.0027808863326042694 0.03610542238918391 0.9993441174817169 28.699649345569668 0.017200979023980968 0.9992018562486298 -0.03605241725465436 -1.4767833490484017 -0.9998481849720083 0.017089439528143836 -0.0033997153987241047 70.2649133291253
88.0 -0.027123804763909968 0.033439587883525544 0.999072616568644 29.698357227576885 0.019395917146799495 0.9992697823034072 -0.03291960773355525 -1.527600115472893 -0.9994438941797392 0.018485024681535057 -0.027752589957685488 70.26538520498589
89.0 -0.04590070851306884 0.030352725023612127 0.9984847705606966 30.695958116259582 0.019795529136469554 0.9993696406936976 -0.029469616318374376 -1.5634112042469055 -0.998749849554033 0.018412858099335988 -0.046472622826868926 70.20613967502527
90.0 -0.061413429117952285 0.03371552908660639 0.9975428080149704 31.69290065240688 0.0218447740582332 0.9992353272899288 -0.03242786675265854 -1.6016944380162996 -0.9978733369372675 0.019799590758243512 -0.06210297605982561 70.13802232310697
91.0 -0.07358283437065846 0.037673812135932114 0.9965772676341432 32.68794193810255 0.02418655985469851 0.9990597170992248 -0.035981828636241726 -1.6460990866635044 -0.9969957757224313 0.02145613079657363 -0.07442484560189079 70.04902194704233
92.0 -0.08576895848970172 0.044027528008621454 0.9953417817699856 33.683668459684355 0.027568915749612767 0.9987454676081596 -0.04180246184790338 -1.6806216015291668 -0.9959335523236376 0.023855140108688538 -0.08687514976339727 69.96336629815708
93.0 -0.09427478611845136 0.04843924183616032 0.9943670874242904 34.67672042407771 0.031420658074959994 0.998462780844248 -0.0456598019586558 -1.7194160296240015 -0.9950502534789155 0.026939100191091605 -0.09565185796647185 69.85226819572814
94.0 -0.10180359473911822 0.05477523586911304 0.9932953748174227 35.671389037708146 0.03529261969335758 0.9980532896470375 -0.05142044359886516 -1.762490122306797 -0.9941782833543336 0.029821209905159678 -0.10353857419541522 69.75857202932808
95.0 -0.10314713714849304 0.05977958616458219 0.9928681026078287 36.66296719386588 0.03595958117565136 0.9977639360002972 -0.05633858836414465 -1.817505717918643 -0.9940158834846345 0.029891957031694068 -0.10506614242977684 69.64132850298095
96.0 -0.10733168009515 0.06307783943229239 0.9922202863379258 37.65718172702958 0.036928223302932765 0.9975496643200458 -0.05942199541120937 -1.8805558210953537 -0.9935372246532277 0.030263069697497497 -0.10939803398984752 69.55436789962805
97.0 -0.1116307445554058 0.06703570139471365 0.9914861530089731 38.65177130024002 0.038264118799212495 0.9972722183845744 -0.0631187741549727 -1.9439913172294807 -0.9930128066054952 0.030892348192167383 -0.11389130230464901 69.47210296972905
98.0 -0.11370134818211616 0.07007749828531135 0.9910404369427368 39.63930758754476 0.0401592593043228 0.9970182440868077 -0.06589275263779228 -2.0255187338888465 -0.9927029955196541 0.032307355077907 -0.11617657893987608 69.33747250664864
99.0 -0.1168435841766917 0.07352535909173277 0.9904249584936686 40.62955923360976 0.04225307305873601 0.99672090949219 -0.06900801691218982 -2.100330359713466 -0.9922511046372456 0.033785354097484885 -0.119567115858294 69.21997825952545
100.0 -0.11862838886503264 0.0747364297634595 0.9901220992491315 41.61661988385168 0.04556080330163945 0.9965227736338416 -0.06976084024453257 -2.1808726808274033 -0.9918928967170761 0.03683514212441845 -0.12162094287941784 69.08132687203297
101.0 -0.1222714044055314 0.07275545872297605 0.989826422606872 42.60760538044853 0.04390282500835735 0.9967298150882237 -0.06783964674494748 -2.258621653000713 -0.9915252117929136 0.035161327338480486 -0.12506572447642203 68.97222672143417
102.0 -0.12529567915243875 0.072761444884913 0.9894477070184146 43.5999320805476 0.04298881901768816 0.996768538286683 -0.06785604262916975 -2.3384792623243396 -0.9911876483417209 0.03403311945866516 -0.12801871954803834 68.87783136930483
103.0 -0.12719200745418616 0.07288297073537096 0.9891967781066471 44.58867009267085 0.04134374217458693 0.996819537852956 -0.06812858385155379 -2.4193984747624286 -0.9910160887809903 0.03223168520888594 -0.12980073284007448 68.7519376663608
104.0 -0.12960060187930025 0.07479531680971699 0.9887412930468048 45.5764839176129 0.03955615058973309 0.9967472172805025 -0.07021606507128206 -2.495517762176595 -0.9907769652868611 0.030010755187215035 -0.1321376540962045 68.61618163026313
105.0 -0.13158937752402555 0.07770478841421377 0.9882541179172248 46.563510704210564 0.03722257608047944 0.9966073175814717 -0.07340527483086816 -2.554233598506648 -0.9906052268955424 0.027126009669049204 -0.13403530895500204 68.46674745377481
106.0 -0.13505314465818707 0.08079629511460723 0.9875386609210286 47.551365358619705 0.03444284842205396 0.9964502654821032 -0.07681509365495105 -2.624378013245477 -0.990239535824796 0.023639524453709152 -0.1373565963945411 68.32810062603194
107.0 -0.13694089870667756 0.08623529312661798 0.9868184556851296 48.54063808213512 0.030479943815585785 0.9960985852980557 -0.08281655264626003 -2.69243354286056 -0.9901101773471481 0.018737197938300185 -0.13903508236058743 68.19884149328998
108.0 -0.1387185793878611 0.08781208578472324 0.9864310383005795 49.52633244734427 0.028161714385282567 0.9960080782729763 -0.08470434379566531 -2.7955867659042526 -0.9899313479102938 0.01602952292208477 -0.1406377645563078 68.06555221776243
109.0 -0.14336650398774392 0.08767517266629506 0.9857784282648288 50.51747461256429 0.025927876527186453 0.996058999985587 -0.08481871118157494 -2.8631576669988563 -0.9893299706129997 0.013398979276367509 -0.14507472764485488 67.95122207454453
110.0 -0.1449965761981067 0.08222807777905086 0.9860093996081365 51.500322668901525 0.024047222149167918 0.996539186994013 -0.07956996853223532 -2.9747241001474958 -0.9891398910152857 0.012173414068181012 -0.14647212701463008 67.80437988323486
111.0 -0.14766492715269772 0.08068382939724121 0.9857409339997978 52.48743214469573 0.022808582053571384 0.996679689356142 -0.07816242965549984 -3.0573872644827373 -0.9887744120241427 0.010941503495541832 -0.14901491746655282 67.66733359886571
112.0 -0.15033253181654835 0.08157482564753116 0.9852642679495736 53.473159434030634 0.022392589328028647 0.9966153149092637 -0.07909795213212487 -3.1348890443541104 -0.9883818603256579 0.010171622726249184 -0.1516503751076883 67.51788399138125
113.0 -0.1531813801761489 0.08354937388360813 0.9846598229292162 54.457703571196355 0.024292878743592584 0.9964367262579632 -0.08076946580647022 -3.245078943019672 -0.9878994487343715 0.01154784343378146 -0.15466520779525722 67.38175527213116
114.0 -0.15333316725950744 0.08705788224564358 0.9843321923807428 55.43792699966136 0.02365558625348045 0.9961495830712208 -0.0844181342250458 -3.3151858308266196 -0.9878913670324122 0.010340855184076696 -0.15480217587905656 67.1966956747839
115.0 -0.15249268118576528 0.08747491760345258 0.9844257823599778 56.42191818043219 0.022315326986747607 0.9961260920334416 -0.08505783298238112 -3.4078781519246406 -0.9880526344108632 0.008997086220214227 -0.15385396996273912 67.04448040033779
116.0 -0.15315906741763383 0.08659907519014298 0.9843997664790365 57.40647925414824 0.019141405733802457 0.9962259136563859 -0.08466129898621616 -3.489443822559848 -0.9880161469603069 0.005876149735342184 -0.1542386599072803 66.88960453553977
117.0 -0.1541764655250858 0.08547616886172515 0.9843390889500033 58.3928858944236 0.01594964657318398 0.9963364311885708 -0.08401978731592598 -3.589990508556434 -0.9879145844921912 0.0027459867343845126 -0.1549749441183074 66.75963413908045
118.0 -0.15254225113811137 0.08580892873876722 0.9845647207606169 59.372147433555824 0.013377844307350478 0.9963115824124893 -0.08476003794483913 -3.68599331227532 -0.988206402984418 0.0002418665501889417 -0.15312755010502418 66.58122365829385
119.0 -0.1543544451278052 0.08647790822756185 0.9842236923880064 60.35977259546424 0.009216057890788441 0.996244841325436 -0.086088793750474 -3.7585727161210314 -0.9879725550571925 -0.004217525464542113 -0.15457180510272675 66.44219571253191
120.0 -0.15353928662801772 0.08708693308241051 0.9842974924015949 61.34468657978452 0.005557999155277544 0.9961691632755296 -0.08727030872136535 -3.8319828659021935 -0.9881269129555907 -0.007928696313574419 -0.15343513179066315 66.28549410628786
121.0 -0.15380523566446733 0.0823765851920287 0.9846613873277997 62.329962920640966 0.004284769819139758 0.9965650149326648 -0.08270315447342881 -3.909155728841076 -0.9880918936160702 -0.008501130769485117 -0.1536298816827177 66.13293303204428
122.0 -0.15224690352515405 0.07436538799853332 0.9855408004922165 63.31653748995752 0.008385295441018289 0.9972265639067288 -0.07395178874880305 -3.9773227000690055 -0.9883069195282227 -0.002994880065845653 -0.152448232216783 65.98452857385155
123.0 -0.14997065935585516 0.07020409073407001 0.9861948017387747 64.30005701913959 0.013751208971302867 0.9975274342961052 -0.06891967845586176 -4.049965717509268 -0.9885948136543066 0.0032254411845036935 -0.1505652381692666 65.81896188718224
124.0 -0.15079392788377777 0.0727702297972105 0.9858832004698387 65.28529030807806 0.022164450024971662 0.9972851390601627 -0.07022171006779125 -4.1411744487482895 -0.9883167146560196 0.01126255144343541 -0.15199745546064808 65.67406077016356
125.0 -0.14780359734909584 0.07832271396230833 0.9859105685041891 66.26739273694523 0.028227444397447937 0.9967873157151425 -0.07495504394096883 -4.2150273874746205 -0.9886138315810936 0.016751110619374128 -0.1495396011080759 65.5007963403036
126.0 -0.14942469780241363 0.08455334770826578 0.9851512528936821 67.25588704700938 0.030922727985519427 0.9962492776647237 -0.08081560274138025 -4.294163362735388 -0.9882894538446653 0.018387717200474208 -0.1514788674223726 65.371891350523
127.0 -0.1499492091835057 0.09036192409793316 0.9845557157106803 68.24626628269694 0.032728277771947985 0.9957226072768621 -0.08640225223830958 -4.350341826012281 -0.9881518580154166 0.01926686355092985 -0.1522652076791894 65.24542811561741
128.0 -0.1508580284941468 0.0882886913230621 0.9846049777567293 69.23362149393637 0.029908382292920282 0.995955485930476 -0.08472401497575523 -4.432950690453873 -0.9881029014771066 0.016666644216909537 -0.15288845300763404 65.11013043509773
129.0 -0.14773039970342472 0.08435491527036972 0.9854237551800771 70.20946883273203 0.03162557295548061 0.9962494955189936 -0.0805404607224879 -4.513115953763168 -0.9885219027106589 0.0192663164066808 -0.1498441087043934 64.90691748786259
130.0 -0.1482852074423255 0.08265124162338096 0.9854847890819571 71.19723972620335 0.030773138887552298 0.9964045456626993 -0.07893665375299717 -4.581418537041281 -0.9884657359649804 0.018621322209423568 -0.1502954928877752 64.76676250533107
131.0 -0.14686286171184873 0.08370859156694034 0.985608528548579 72.1838571119874 0.027771653404355345 0.9963689138468628 -0.08048430149299089 -4.665577165657712 -0.9887669265893712 0.015551823607088419 -0.14865431600024132 64.62710771916876
132.0 -0.1470107923432754 0.08878325480688352 0.9851423047461254 73.17103110544595 0.030489784909321197 0.9958970306892083 -0.08520256616208488 -4.751140161771943 -0.9886648572447504 0.017511080215614597 -0.1491145939165479 64.49232463293366
133.0 -0.14694788316437088 0.09178314905585495 0.9848767299428445 74.16026309930075 0.03083221457365123 0.9956268561666649 -0.08818468021244344 -4.832792450614678 -0.9886635899930732 0.017407378581448873 -0.14913513668122527 64.3708628444534
134.0 -0.14614740451332525 0.08845242986087994 0.9853005144653758 75.13822692088037 0.0303291981077533 0.995927113541627 -0.08490773966363117 -4.967381352257704 -0.9887977932298171 0.017474328723959594 -0.14823485399692016 64.21126149346938
135.0 -0.14335990825204287 0.08040936732430755 0.9863986366335267 76.11922033198374 0.030545413558984585 0.996578527615448 -0.07679984379110001 -5.066419534149595 -0.989199127787967 0.019119935730326828 -0.14532554366384473 64.04439817844974
136.0 -0.14285133841881165 0.07984035665665683 0.9865186326476058 77.10594186064061 0.03030161233721624 0.9966266117211786 -0.07627063064463156 -5.141265466937902 -0.9892801966084824 0.018997743500296246 -0.1447887369244516 63.90024995185602
137.0 -0.13981698969313772 0.08266815573744847 0.986720419075296 78.08996549533218 0.028613378179195223 0.996429928721408 -0.07942714735798566 -5.22530191333172 -0.9897638526347182 0.017128139864629608 -0.14168324827746814 63.74329339084021
138.0 -0.14005195711020516 0.08608822642952683 0.9863945795572024 79.07849459107507 0.028050917035475593 0.9961582132614154 -0.08295758075846058 -5.306918937925704 -0.9897467329388195 0.016050900973053627 -0.1419287610559731 63.6162151150958
139.0 -0.13811172054589016 0.08432395995897005 0.9868204610894032 80.06317532037096 0.02664575533968834 0.9963247096624049 -0.0814068586699231 -5.39981827387652 -0.99005815807468 0.01505133525524946 -0.13985099548020036 63.46865639887336
140.0 -0.13913825367415017 0.08171624118498734 0.9868956390070408 81.05353670512044 0.02652063967735225 0.9965395322091005 -0.07877573494150193 -5.477648614233944 -0.9899177753912743 0.01521238544959842 -0.1408239372170841 63.3540843005381
141.0 -0.13965138244205297 0.07977048556631411 0.9869823509134033 82.04271476654672 0.025896317994038943 0.9967030668817513 -0.076891983866104 -5.573764906330404 -0.9898620470026989 0.014821136968145115 -0.1412567230350354 63.24323114908715
142.0 -0.13812544006152502 0.07997001283531081 0.9871809154632906 83.02963159694956 0.026823015702468075 0.9966713188999885 -0.07698576433851385 -5.651321059651969 -0.9900514575699758 0.015845476618919416 -0.1398107014297702 63.101879767949306
143.0 -0.13626437130110025 0.08069614176757857 0.9873804503927311 84.01316069392878 0.02971597473702176 0.9965614054895309 -0.07734549718091192 -5.723481807794969 -0.9902267326018536 0.01880153697337219 -0.13819377789211287 62.93615909385383
144.0 -0.1377439275167185 0.07927721990313201 0.9872900955832131 85.0028341199611 0.029249280139831007 0.9966824876650224 -0.07595063128879646 -5.810669085742549 -0.9900359034113709 0.018415786333901576 -0.13960576195176788 62.82238348851773
145.0 -0.13444578097396273 0.08141305065075938 0.9875708820950772 85.98904785841222 0.03036610220852012 0.9964896717346736 -0.0780143189599571 -5.883054317122153 -0.99045556781461 0.019499982304135507 -0.13644602916602508 62.673578783053216
146.0 -0.13277501691354307 0.07955459619066779 0.9879483089254008 86.9773324313646 0.02923027824959197 0.996654273924913 -0.07632725005303297 -5.96513932209382 -0.9907150880636963 0.01874365204934921 -0.1346561910600232 62.54491000353337
147.0 -0.13372950467007003 0.0795415348381791 0.9878206131764491 87.97035187732541 0.02565694876303496 0.9967175403869971 -0.07678454053432435 -6.044331347732249 -0.9906856921147424 0.015076104287365298 -0.13533133605580083 62.45749717255863
148.0 -0.13487563791177848 0.07944932242995982 0.9876721963603728 88.96244231305745 0.027054413506705666 0.9967039014510282 -0.0764813149867911 -6.111212741444473 -0.9904931201213347 0.01640542586223572 -0.13658052933921438 62.35127360406224
149.0 -0.1334454595248828 0.07882229756513648 0.9879166739855935 89.95030706764555 0.025350312778379448 0.9967775022708812 -0.07610501040446317 -6.20773323457587 -0.9907318865234066 0.01488812859894311 -0.13501360173179022 62.229589500546986
150.0 -0.13531686521541184 0.08124015489336733 0.9874661428227232 90.94135735585192 0.02683583583950064 0.9965676817046194 -0.07831151701172911 -6.293909253947697 -0.990438884486603 0.015902610313566618 -0.1370325621235542 62.12764333862194
151.0 -0.135139791885052 0.08036333434805817 0.9875621353321212 91.92828492814412 0.025873725667819997 0.9966517070655279 -0.07756239503417918 -6.375162790035141 -0.9904886606969958 0.01507014584648638 -0.13676660314139102 61.9884606172707
152.0 -0.13717779724567905 0.07861424033415619 0.9874219225637632 92.91938200387219 0.021985420646398426 0.9968417347581485 -0.07630987566081057 -6.4542821299692665 -0.9903024251317482 0.011240865671800056 -0.13847292051922855 61.881377861742
153.0 -0.13877722559130007 0.07810557622837254 0.9872387758892106 93.90872923691094 0.01915064785590684 0.9969102551731313 -0.07617870973798745 -6.543533672279921 -0.9901384420089334 0.00833439216018982 -0.13984421176237516 61.766372580672886
154.0 -0.13796640061372387 0.07832912721317606 0.9873347052199308 94.89765314483347 0.015743989964920668 0.9969153319940132 -0.07688919049680662 -6.612977353703297 -0.9903117686272722 0.004936462832055001 -0.13877403306465555 61.63519682281484
155.0 -0.13918394136062587 0.07544870851273934 0.9873881318160016 95.88715156252755 0.011906682152613696 0.997148722096671 -0.07451615221611935 -6.698527210945944 -0.9901949613017811 0.0013850648863304419 -0.1396854330552132 61.51868886898069
156.0 -0.14123341564377204 0.07471330216748406 0.9871529996838563 96.877967577771 0.009298247845074017 0.99720421740232 -0.07414372112351833 -6.764375600857935 -0.9899326567462061 -0.0012927777307430435 -0.14153326051898207 61.40058885423424
157.0 -0.14401823068650754 0.07437933895861885 0.98677579174097 97.86855432656355 0.006446705401669266 0.997220626954664 -0.07422574462822468 -6.8401182941177465 -0.9895540355227644 -0.00432840758589151 -0.14409745198433827 61.28656720043817
158.0 -0.14735414496121563 0.0736202844702144 0.9863401085210339 98.85656306863235 0.006145881321444225 0.9972749312234144 -0.07351829497560985 -6.92724858895722 -0.9890647016780698 -0.004771296245585857 -0.1474050563128869 61.15910333372753
159.0 -0.1484920324492582 0.07279789424654279 0.9862304917677053 99.84352070319255 0.005127497579793427 0.9973300800628776 -0.07284517945854634 -6.996139726272276 -0.9889003109857208 -0.005760034292272214 -0.1484688416378819 61.01360887066192
160.0 -0.15317193338083318 0.0675382926606227 0.9858889074580752 100.83213028609723 0.002093152477305178 0.997681696849055 -0.0680209562201386 -7.079730701006692 -0.9881973373456748 -0.008355285565656888 -0.15295820234963603 60.888454399978485
161.0 -0.15806565622008686 0.06793224253258665 0.9850890613280707 101.820793334164 8.045343321279497e-05 0.9976315541099904 -0.06878426979576095 -7.154761353881933 -0.9874286008876568 -0.010793176945881411 -0.1576967516483987 60.75839372753503
162.0 -0.16459794751016799 0.07373562305047365 0.9836008202359384 102.80755416395102 -0.00572466393942603 0.997113704554954 -0.07570659424041144 -7.232046478826547 -0.9863441305640835 -0.018091934171350448 -0.1637007575416776 60.61581015814388
163.0 -0.17149051111998015 0.07630901539469681 0.9822260120589923 103.79058401372644 -0.0056109987466383135 0.9969039126325465 -0.07842898489073603 -7.321944843822867 -0.9851697931264797 -0.018961095628111012 -0.17053139172512682 60.4559020644728
