1.000000000000000000e+00 0.000000000000000000e+00 0.000000000000000000e+00 0.000000000000000000e+00 0.000000000000000000e+00 1.000000000000000000e+00 0.000000000000000000e+00 0.000000000000000000e+00 0.000000000000000000e+00 0.000000000000000000e+00 1.000000000000000000e+00 0.000000000000000000e+00
9.998639429815761037e-01 1.646144834806480967e-02 -1.056524310929472582e-03 -3.144998924075644853e-01 -1.646364176772831256e-02 9.998622553872353880e-01 -2.102082704070662791e-03 -3.012710159111232217e-02 1.021775454540967739e-03 2.119190938739505363e-03 9.999972324985132444e-01 4.649351941488890673e-03
9.992647645113803545e-01 3.832820105425174817e-02 -9.377686070455939788e-04 -6.714748795728834319e-01 -3.833235640998475247e-02 9.992529857435514806e-01 -4.909270277255882615e-03 -6.105126467553389363e-02 7.489045823105557834e-04 4.941607688000185239e-03 9.999875097496888632e-01 1.085422505581260660e-02
9.978433794736351059e-01 6.563957490516360294e-02 -1.903861987520135074e-04 -1.079178068241131605e+00 -6.563936359016880884e-02 9.978205949212889392e-01 -6.747910669430270958e-03 -1.047057475477209953e-01 -2.529587177358837602e-04 6.745854815692934985e-03 9.999772144677560037e-01 1.530945093215212507e-02
9.949806797116992341e-01 1.000591225321774413e-01 1.272398733054582202e-03 -1.523948243274960035e+00 -1.000491744754538892e-01 9.949623226934436460e-01 -6.335543169151630107e-03 -1.280911724245416272e-01 -1.899917689102224383e-03 6.176440605939578950e-03 9.999791207291359729e-01 1.642076013029067361e-02
9.903263016671637331e-01 1.387255251722089022e-01 3.007472682044872586e-03 -1.973380580831247011e+00 -1.387138469664001839e-01 9.903252288687147686e-01 -3.796014477076112888e-03 -1.450875919103583600e-01 -3.504980174056187420e-03 3.342114872784998983e-03 9.999882726223124907e-01 6.736970165800318031e-03
9.838538990435000686e-01 1.789420448462381019e-01 3.354090510102867607e-03 -2.423418810884862662e+00 -1.789404155441622901e-01 9.838596017249147119e-01 -7.821627548834867577e-04 -1.507136834783994184e-01 -3.439915956180541416e-03 1.693515264281886777e-04 9.999940691315497565e-01 5.376008941137211394e-03
9.748515533376458375e-01 2.228222091501339541e-01 3.835630930295270535e-03 -2.898594363019006082e+00 -2.228200275803909891e-01 9.748590925773074067e-01 -9.924356014811071703e-04 -1.299159798444063929e-01 -3.960336381330362317e-03 1.128219980148484396e-04 9.999921514726719529e-01 5.347126366701756423e-03
9.619306799250256779e-01 2.732375574817085817e-01 5.532106326575534153e-03 -3.414156165420081823e+00 -2.732306233479852020e-01 9.619465042802284316e-01 -1.987301668228487212e-03 -8.841484308308629469e-02 -5.864595795961945884e-03 4.001055848976039749e-04 9.999827230665893074e-01 8.344437789485865259e-03
9.474517842598121353e-01 3.196328457273330259e-01 1.303688747922586953e-02 -3.913554810978881804e+00 -3.196536522187093943e-01 9.475343165852028182e-01 -5.113869902613047726e-04 -6.124074020618250347e-02 -1.251635434699161983e-02 -3.682774179928578751e-03 9.999148854018528043e-01 4.686455171809883469e-02
9.301649407805856473e-01 3.663709584214447368e-01 2.378032312653462557e-02 -4.422056688632250321e+00 -3.665837770527038963e-01 9.303707749780039116e-01 5.153199841149020896e-03 -3.160064427241277007e-02 -2.023653489172235267e-02 -1.351080649633171551e-02 9.997039265519540585e-01 1.114352289653357531e-01
9.089309450252888167e-01 4.158979485697428258e-01 2.955390923238386536e-02 -4.899293722604643797e+00 -4.163133511469400139e-01 9.091729126905793157e-01 9.370618257829810283e-03 -1.075978484735304330e-02 -2.297239282793782367e-02 -2.082093190058666166e-02 9.995192634274491228e-01 1.852663854816428424e-01
8.834458884897344877e-01 4.673744241619230411e-01 3.293189563167794875e-02 -5.416372827500786080e+00 -4.679043174775593394e-01 8.837185802761697850e-01 1.034507421584521594e-02 7.245811787701059159e-02 -2.426750494888639531e-02 -2.454828943089207641e-02 9.994040572709185222e-01 2.237267826683502214e-01
8.546393774404685839e-01 5.179195759255447173e-01 3.675387600340745964e-02 -5.950449972267567667e+00 -5.185642990316986500e-01 8.549774639498386453e-01 1.022760517750217688e-02 1.994739427503338935e-01 -2.612665875945427776e-02 -2.780016206801229350e-02 9.992720093603441045e-01 2.616916017389193105e-01
8.223441251736541835e-01 5.673958974636350572e-01 4.256800833742580698e-02 -6.441480053064165823e+00 -5.683302077986429612e-01 8.226910322406035814e-01 1.342536310283686148e-02 3.346128502289812956e-01 -2.740282277303413005e-02 -3.523295349992456443e-02 9.990033655057135586e-01 3.145004073109073928e-01
7.853273592582019624e-01 6.172218782841250029e-01 4.793841641061358239e-02 -6.935951705405537737e+00 -6.184308658652702961e-01 7.856945447451100240e-01 1.507801389135250691e-02 5.462391161942861117e-01 -2.835847220272379524e-02 -4.148777320117993939e-02 9.987364826264911732e-01 3.847612538117843317e-01
7.470492778883857099e-01 6.626785628719663590e-01 5.267351057588939151e-02 -7.399282225993581541e+00 -6.641692986373878282e-01 7.473929935272565217e-01 1.681832256463260816e-02 7.821766389937703234e-01 -2.822267092185564569e-02 -4.754824430316016010e-02 9.984701524380807935e-01 4.592219126860108136e-01
7.057841572356331472e-01 7.062866806076298909e-01 5.502588655755120961e-02 -7.850260134470080864e+00 -7.079385216294772354e-01 7.060505214852029754e-01 1.776824987286521745e-02 1.068056400212690660e+00 -2.630157767623170564e-02 -5.149549404297639604e-02 9.983268207881682565e-01 5.351480356264352034e-01
6.628250458463872397e-01 7.466969247583368219e-01 5.573743046803604495e-02 -8.293670638502701919e+00 -7.483799973579842169e-01 6.630534802894565427e-01 1.695469936343203463e-02 1.417196920696338180e+00 -2.429687537934602237e-02 -5.295077744928815972e-02 9.983014960493231671e-01 6.022766944794336608e-01
6.187131910236799426e-01 7.838231539514096680e-01 5.305893499649262657e-02 -8.708705733786027636e+00 -7.852486727547229872e-01 6.190788369330108010e-01 1.122121199418409619e-02 1.829746498382047504e+00 -2.405221799009407690e-02 -4.860717016384976524e-02 9.985283340088150217e-01 6.713946504871461940e-01
5.750051929009347695e-01 8.165126077940048077e-01 5.173189973695650062e-02 -9.109797576909569372e+00 -8.178260579381725348e-01 5.754060360145256681e-01 8.272404448603484783e-03 2.245934346366833978e+00 -2.301232483408702928e-02 -4.706437114725168375e-02 9.986267460238807958e-01 7.360615183171833609e-01
5.331003257264818052e-01 8.445023820508177348e-01 5.118368315015435488e-02 -9.480776297607855341e+00 -8.457524494332101517e-01 5.335452608351793913e-01 5.678813084385451321e-03 2.695342930438134665e+00 -2.251304039986939259e-02 -4.631610250028202896e-02 9.986731105127129027e-01 7.982830866099615008e-01
4.934089315817044019e-01 8.682901417144577305e-01 5.118452927291398946e-02 -9.844581067344311265e+00 -8.694891162797463435e-01 4.939460414062866733e-01 2.446395333285142620e-03 3.190958934272710490e+00 -2.315821466497229586e-02 -4.571146443232344120e-02 9.986862165430059335e-01 8.626397138584860347e-01
4.560586172321229870e-01 8.885710838249032406e-01 4.951733674747352265e-02 -1.017183835083034182e+01 -8.896617072720917063e-01 4.566202421006986811e-01 -3.343065351732845206e-05 3.711890364901241579e+00 -2.264032380584202198e-02 -4.403843201270805224e-02 9.987732636809162345e-01 9.268316899654169827e-01
4.193945280650823171e-01 9.064758266551460331e-01 4.908977000290712378e-02 -1.048171033211795056e+01 -9.075757028996727094e-01 4.198883979610424921e-01 2.770629461428811215e-04 4.239489028339324506e+00 -2.036107401965631114e-02 -4.466888119911358035e-02 9.987943320409792269e-01 9.810082790263778829e-01
3.858101970840198125e-01 9.212030766416088312e-01 5.035259091671340226e-02 -1.076099464368293290e+01 -9.224312051633720699e-01 3.861479401701466974e-01 3.231105569927767915e-03 4.738382936937187928e+00 -1.646704487274760001e-02 -4.769339459913526924e-02 9.987262770873560624e-01 1.026255608746216241e+00
3.558381073821237361e-01 9.330586965041026692e-01 5.273243985228408259e-02 -1.101407919347315278e+01 -9.344690195716721659e-01 3.559730813259518456e-01 7.128592572688720666e-03 5.229745441394988426e+00 -1.211993380627120719e-02 -5.181345625774982921e-02 9.985832328630188659e-01 1.065311914258385340e+00
3.299960710279771781e-01 9.424547738716615441e-01 5.368046490685024486e-02 -1.123126784688943935e+01 -9.439445999316745661e-01 3.299571764769390070e-01 9.841440504278355095e-03 5.740089691400134697e+00 -8.437142047602638750e-03 -5.391902167031042969e-02 9.985096663208552492e-01 1.098831456775436477e+00
3.097033177494666334e-01 9.492575255934210254e-01 5.471750249445404141e-02 -1.144128554607289949e+01 -9.508081836562710665e-01 3.095997240107103976e-01 1.057396731396763843e-02 6.255275260361486289e+00 -6.903105622675683242e-03 -5.530064191986944905e-02 9.984458854319613330e-01 1.118945618399596498e+00
2.949527553536347990e-01 9.538301169614414876e-01 5.666551055646067148e-02 -1.165017063302781963e+01 -9.554883562675111630e-01 2.948421540358004966e-01 1.049310443774305150e-02 6.807322507179517146e+00 -6.698742158864168066e-03 -5.723820560477759639e-02 9.983380763411936476e-01 1.143270670398322864e+00
2.826978800370101852e-01 9.574148332896397218e-01 5.864081871490488956e-02 -1.183976942893158757e+01 -9.591798600945494746e-01 2.826370684412587986e-01 9.501764674769350855e-03 7.344543501339799718e+00 -7.476938650524319989e-03 -5.893322102096005405e-02 9.982339259154199285e-01 1.154433157705128998e+00
2.710402007757409248e-01 9.607390761432683668e-01 5.930967151171796792e-02 -1.203526478380175746e+01 -9.625203326680022986e-01 2.711251773540916954e-01 6.763682827667333135e-03 7.920278994826473351e+00 -9.582210816248231192e-03 -5.891999470548301560e-02 9.982167176819769505e-01 1.157501624969235143e+00
2.595863882065920225e-01 9.638733812876042473e-01 5.969097002947126168e-02 -1.221896929697487622e+01 -9.656501525789971119e-01 2.598141382351177864e-01 4.049246510802385034e-03 8.508900969567974926e+00 -1.160559701259116644e-02 -5.869172359324452415e-02 9.982086914566693503e-01 1.169224063024789206e+00
2.485750924560081732e-01 9.667159827188814836e-01 6.058574226958178544e-02 -1.240408387263843792e+01 -9.685202898090868873e-01 2.489283621364504206e-01 1.765998920953602402e-03 9.115402075670223425e+00 -1.337429020963793250e-02 -5.911750400628718038e-02 9.981614343789561028e-01 1.183187327657344579e+00
2.376084707478688107e-01 9.694131229099464120e-01 6.148505313363722413e-02 -1.258792142010640092e+01 -9.712387605745882446e-01 2.381063588961895294e-01 -7.948652330517108101e-04 9.747181707276103779e+00 -1.541053491605427934e-02 -5.952780008690039537e-02 9.981076877924620616e-01 1.199230602691568226e+00
2.263843084691365692e-01 9.720062321796119065e-01 6.288107412367681393e-02 -1.276675969874833250e+01 -9.738938289517466984e-01 2.269895508693766384e-01 -2.560024575404107328e-03 1.039552850554684582e+01 -1.676170661534310061e-02 -6.065994065373929434e-02 9.980177437256443351e-01 1.221075176763249948e+00
2.154008671020311017e-01 9.744157719813842933e-01 6.415894143155924378e-02 -1.294198502029539100e+01 -9.763621436516730645e-01 2.161019384276325339e-01 -4.112985744136761317e-03 1.103581573232095359e+01 -1.787262978984630740e-02 -6.175642089487391739e-02 9.979312168594837162e-01 1.241026207824411198e+00
2.038171845331055443e-01 9.768635163497383367e-01 6.477828118918509126e-02 -1.311311217110704241e+01 -9.787809060427017371e-01 2.047512703493558628e-01 -8.053276138008071822e-03 1.170192215216682818e+01 -2.113038701084337875e-02 -6.176234868552297336e-02 9.978671850650363551e-01 1.264887668340312521e+00
1.913453186709139775e-01 9.793317152824030369e-01 6.554662817228350258e-02 -1.328329550089099165e+01 -9.811958294640331646e-01 1.925781151034627603e-01 -1.297743524690799476e-02 1.241820531509405789e+01 -2.533206002512653973e-02 -6.183090671522346177e-02 9.977651155004649830e-01 1.299805690263748037e+00
1.779003342657417830e-01 9.817966899479932952e-01 6.653368075872587162e-02 -1.344836982165337069e+01 -9.836061250158245617e-01 1.794405861026104054e-01 -1.789041336884797731e-02 1.313849260224048443e+01 -2.950359129824593751e-02 -6.226022539565988223e-02 9.976237780016007362e-01 1.336774735774795886e+00
1.645693984609602201e-01 9.840796677222813926e-01 6.711274592656993332e-02 -1.359798529222115882e+01 -9.858531350603083609e-01 1.662955330536525500e-01 -2.096167403060203785e-02 1.384673331708551203e+01 -3.178850707349084592e-02 -6.271366088826396679e-02 9.975251814144991958e-01 1.383339767440254331e+00
1.500181698488095294e-01 9.864013134425384521e-01 6.713417575312521923e-02 -1.373201058795567420e+01 -9.881639460037148215e-01 1.517938130935777563e-01 -2.215071386844151904e-02 1.455407932306550123e+01 -3.204004577998176978e-02 -6.301656246852685439e-02 9.974980442692937821e-01 1.436897699732244460e+00
1.354241614632818169e-01 9.885783455610991366e-01 6.612980553161822150e-02 -1.384940319368185691e+01 -9.903084526719441172e-01 1.371325685901369773e-01 -2.199607233969432668e-02 1.526048323151620068e+01 -3.081339089533423684e-02 -6.251010573942457349e-02 9.975685548482251530e-01 1.491602951319510373e+00
1.176831585211122605e-01 9.908826148836943348e-01 6.559205532493805890e-02 -1.397141706574144138e+01 -9.926268502972331875e-01 1.193067188145970903e-01 -2.139726418705935676e-02 1.601306458645402842e+01 -2.902774999015439103e-02 -6.259033764847124481e-02 9.976170805291771915e-01 1.551071329741627869e+00
9.517187111748928730e-02 9.934918209927666721e-01 6.258048073061579786e-02 -1.409415083803312996e+01 -9.951113251166282536e-01 9.661606552943927118e-02 -2.046427389968612925e-02 1.677768765621283720e+01 -2.637736856902682739e-02 -6.032692186818471719e-02 9.978300942170881260e-01 1.609659129345570650e+00
6.621277883077776594e-02 9.961817162185424568e-01 5.690216332784178710e-02 -1.421217588697600931e+01 -9.975114236122406552e-01 6.747003877619880963e-02 -2.046347063968296034e-02 1.761016145701403701e+01 -2.422452646780613034e-02 -5.540561469219621588e-02 9.981700206768331363e-01 1.645981489396714403e+00
3.254166635861068663e-02 9.981076445548994203e-01 5.217441740621651253e-02 -1.429158736015753028e+01 -9.992092349298185017e-01 3.368205231369836294e-02 -2.112875251655771391e-02 1.848951334771340882e+01 -2.284611086319766546e-02 -5.144559488440711426e-02 9.984144460019671596e-01 1.678299315892586518e+00
-3.550652844259642726e-03 9.987849343060806184e-01 4.915330983342332261e-02 -1.432783132702667217e+01 -9.997663117402515454e-01 -2.497394064325378360e-03 -2.147288830556299405e-02 1.941334735856846905e+01 -2.132404215141352199e-02 -4.921806605392409911e-02 9.985603973722548821e-01 1.697427680063603006e+00
-3.993529994536659106e-02 9.980388590608136878e-01 4.820381336435657776e-02 -1.431514134406661398e+01 -9.990207962316240975e-01 -3.896216523656785558e-02 -2.096183142790322002e-02 2.033159148876409716e+01 -1.904259738079481720e-02 -4.899372903413765773e-02 9.986175414042764986e-01 1.709242941026730245e+00
-7.382266794985553604e-02 9.960756895883109419e-01 4.882042920682949649e-02 -1.428177063948629311e+01 -9.971428625242819699e-01 -7.293874851515769198e-02 -1.964817248309244299e-02 2.121835844564014906e+01 -1.601016594692730374e-02 -5.013142304200284699e-02 9.986142974192465660e-01 1.727773117327120911e+00
-1.085839608998961647e-01 9.928812613034613266e-01 4.895226642087430885e-02 -1.419741382352197689e+01 -9.940161279111020542e-01 -1.078552930530910503e-01 -1.729662432537969197e-02 2.212656194443009383e+01 -1.189373313603865612e-02 -5.053747829959735066e-02 9.986513417600793030e-01 1.737624828574434233e+00
-1.419499850199178737e-01 9.886836875177096307e-01 4.852594964791365206e-02 -1.406953889610780628e+01 -9.898487265624683618e-01 -1.414265848852126195e-01 -1.407194408627420248e-02 2.305758488541343354e+01 -7.049842232744320952e-03 -5.003086171646951852e-02 9.987227906683623369e-01 1.757233309202063776e+00
-1.742890726721672279e-01 9.832952288874202695e-01 5.247677576142424638e-02 -1.395387895755983365e+01 -9.846944498341301255e-01 -1.740197624234594564e-01 -9.693438602688699696e-03 2.390250157135214693e+01 -3.995158787846765647e-04 -5.336305026253184564e-02 9.985750974532369151e-01 1.779947037643318408e+00
-2.055970619368177599e-01 9.768351607666837522e-01 5.935416424210478159e-02 -1.381624616603103739e+01 -9.786125096426079306e-01 -2.056401938123588180e-01 -5.446710917027178592e-03 2.472253131577769381e+01 6.885063104033153913e-03 -5.920455538846564059e-02 9.982221278489615823e-01 1.806577568846717829e+00
-2.360723285567780938e-01 9.693800215085461858e-01 6.761826373010432212e-02 -1.366850120683994341e+01 -9.716342249438889578e-01 -2.364800952645577936e-01 -2.024218702368790236e-03 2.550155697432263580e+01 1.402813627927884318e-02 -6.617808129402774631e-02 9.977092126209778922e-01 1.831571879366156841e+00
-2.635682228131306370e-01 9.616375074709632154e-01 7.605981953807131046e-02 -1.352670927689168323e+01 -9.644220673666321630e-01 -2.643669314135662085e-01 4.489445926587505836e-04 2.624016328822287392e+01 2.053942305422647857e-02 -7.323544087401102909e-02 9.971031552956739485e-01 1.849581742857829614e+00
-2.906343553505794097e-01 9.528802642453269023e-01 8.689576227706503897e-02 -1.337220755171522946e+01 -9.564695321932640271e-01 -2.918301002758494356e-01 1.107501236081351835e-03 2.693589356661122380e+01 2.641411508935151420e-02 -8.279127118692294895e-02 9.962167936444858984e-01 1.867788121759109021e+00
-3.163235035419555419e-01 9.437198699309014005e-01 9.660356206966679016e-02 -1.320459162046967094e+01 -9.478672334555473533e-01 -3.185585904384826694e-01 8.254223111584446312e-03 2.761307665745520268e+01 3.856356892549465260e-02 -8.895634634725285705e-02 9.952887116793178723e-01 1.866364833083229424e+00
-3.417367390781404501e-01 9.336407280487618587e-01 1.073824570999380307e-01 -1.302394436850850745e+01 -9.380177833223626305e-01 -3.458814083004113638e-01 2.210632405280177695e-02 2.826571191175899500e+01 5.778095997162473879e-02 -9.317211128178332080e-02 9.939719907241113539e-01 1.830154662435083956e+00
-3.649980770190649482e-01 9.237983918493939406e-01 1.156414068958915159e-01 -1.284338859416244638e+01 -9.276195663937331082e-01 -3.714413665736003289e-01 3.941130854768089276e-02 2.887183785716131368e+01 7.936210566693152613e-02 -9.288617988921950286e-02 9.925088482072581542e-01 1.793964928045903573e+00
-3.895353128072192028e-01 9.128138618777923430e-01 1.226095169223628684e-01 -1.261489463560423019e+01 -9.155788478365595173e-01 -3.982289146324738405e-01 5.593840313167176836e-02 2.948726059590302739e+01 9.988800463750248382e-02 -9.046869687574199403e-02 9.908772887775473270e-01 1.711261309266979724e+00
-4.130984484870708906e-01 9.011986959362116023e-01 1.311128609269480993e-01 -1.237908863485977662e+01 -9.035189749121734781e-01 -4.236047133255710362e-01 6.490384289098213855e-02 3.011886646727620587e+01 1.140312844408570142e-01 -9.165128090340513012e-02 9.892405717910749408e-01 1.636000979648772446e+00
-4.365857916703246300e-01 8.895299110046339663e-01 1.346454007372195893e-01 -1.214011654785982408e+01 -8.916627700037098592e-01 -4.477442835833971846e-01 6.680240345753045428e-02 3.073351955770743160e+01 1.197094444933583524e-01 -9.089331079062236418e-02 9.886394969616630890e-01 1.572515054472431117e+00
-4.583445078220991786e-01 8.782265349347656569e-01 1.365227654488260500e-01 -1.189230935837967174e+01 -8.807109905141764505e-01 -4.694405215496721406e-01 6.303767060029105695e-02 3.136360408650190479e+01 1.194506732373530333e-01 -9.134412988062813599e-02 9.886292462796623104e-01 1.513860075822983209e+00
-4.785443978074908622e-01 8.674404665057865449e-01 1.361701009593957457e-01 -1.160167771002765313e+01 -8.704896966518599344e-01 -4.890018340367582317e-01 5.590075430296318620e-02 3.202204675608378892e+01 1.150780055007026292e-01 -9.178367707230153383e-02 9.891070767480468762e-01 1.451712622609725445e+00
-4.962934389370775579e-01 8.568278361141159483e-01 1.397815500272255040e-01 -1.129242518808800888e+01 -8.609739174707690124e-01 -5.064328055951452523e-01 4.743128558312614124e-02 3.267691809630824196e+01 1.114304083410264379e-01 -9.680843288182031103e-02 9.890456973365372439e-01 1.393298273710191104e+00
-5.091830085733766165e-01 8.490384700201145662e-01 1.409480053284564716e-01 -1.099344263281063228e+01 -8.533903556292148362e-01 -5.193047188979535989e-01 4.524941822123951934e-02 3.326605071292634364e+01 1.116134611021827039e-01 -9.724343348639419293e-02 9.889823810081592725e-01 1.345935906970615381e+00
-5.189926029244475991e-01 8.421726240258372576e-01 1.462598695854244457e-01 -1.069012959797953677e+01 -8.470355475228169562e-01 -5.296856725305807423e-01 4.431556778999190538e-02 3.381544421460148442e+01 1.147931153964828060e-01 -1.008878568375030232e-01 9.882530956188825266e-01 1.293736099996277478e+00
-5.272837470833933171e-01 8.366159603867845407e-01 1.484775568488281572e-01 -1.037526237063726953e+01 -8.414688956703599843e-01 -5.383963525197310585e-01 4.538133110383010121e-02 3.437067413803187321e+01 1.179065209435114919e-01 -1.010104074813567981e-01 9.878739544594978828e-01 1.249754043172520479e+00
-5.369093347586141318e-01 8.311422944938061663e-01 1.446749893818450594e-01 -1.005126972765316218e+01 -8.348108679809000954e-01 -5.481650295436901743e-01 5.104816437780380217e-02 3.492828949790625614e+01 1.217340582993968745e-01 -9.336801748425054004e-02 9.881615416322468981e-01 1.179990392862858783e+00
-5.470239074922225164e-01 8.247007150493455008e-01 1.436439181763074224e-01 -9.700459515851365566e+00 -8.283311267179441773e-01 -5.580497667196089306e-01 4.947729150198762471e-02 3.550963342591656868e+01 1.209644127093729704e-01 -9.191946725961192000e-02 9.883918364679993296e-01 1.121406014059545209e+00
-5.545771641969885479e-01 8.192723676546137535e-01 1.457290518353590025e-01 -9.346056571577230798e+00 -8.231702571666533741e-01 -5.657593900564702460e-01 4.803165913351354482e-02 3.607871633415049928e+01 1.217985905805733654e-01 -9.332255976202472048e-02 9.881578837271136617e-01 1.060460741916796845e+00
-5.606487707767678907e-01 8.145199117902487407e-01 1.490981861851689572e-01 -8.976547402678011878e+00 -8.187622112755945647e-01 -5.721953583827510403e-01 4.712656609954506831e-02 3.664411179328723733e+01 1.236988165408196144e-01 -9.565450926350924088e-02 9.876987484268451301e-01 9.978650926953327449e-01
-5.634612226384329015e-01 8.120919983383886320e-01 1.517169628537546333e-01 -8.604445596300539734e+00 -8.164469482719127758e-01 -5.754306801996270648e-01 4.789481122706448768e-02 3.720110265050705323e+01 1.261975880921842319e-01 -9.688198243099245544e-02 9.872629083683608364e-01 9.189528063374989841e-01
-5.622721511328354627e-01 8.124974853011779352e-01 1.539411070498013789e-01 -8.228157486159222600e+00 -8.169183298769512325e-01 -5.746517218149507222e-01 4.919187866066870168e-02 3.777283662039859280e+01 1.284307999333019201e-01 -9.809808863773311627e-02 9.868547484985387142e-01 8.300970675467271853e-01
-5.590331891521134189e-01 8.145090026632718638e-01 1.551031205582322214e-01 -7.803592512987777674e+00 -8.195786392147639265e-01 -5.711630877589896071e-01 4.542665874234029511e-02 3.839653316951220319e+01 1.255895997656430729e-01 -1.017241945758241978e-01 9.868533025068134679e-01 7.383883702138365202e-01
-5.525435695239656608e-01 8.191789222932251979e-01 1.537579170261701156e-01 -7.366406095937066745e+00 -8.243009254933404417e-01 -5.643857026812311162e-01 4.468515234209064629e-02 3.903744728642760720e+01 1.233839049817197775e-01 -1.020522997267793025e-01 9.870976345387201256e-01 6.563116678613327704e-01
-5.446785247451971790e-01 8.247209075021673108e-01 1.521864954922064750e-01 -6.930357048701673683e+00 -8.299087869592675082e-01 -5.561801374494206307e-01 4.376139890978456015e-02 3.969997336141540245e+01 1.207340466032428283e-01 -1.024650156665515427e-01 9.873825046835995600e-01 5.744870532268328001e-01
-5.366425361223637891e-01 8.300908281464079996e-01 1.515387919028331198e-01 -6.496027151256073218e+00 -8.354021455078671776e-01 -5.479460550165117239e-01 4.310888623816244020e-02 4.036048461534219456e+01 1.188193742830310068e-01 -1.034617698430390503e-01 9.875108194222146363e-01 4.895949147886836661e-01
-5.295780042382508546e-01 8.349087514204945881e-01 1.499150233582475789e-01 -6.067139009511143044e+00 -8.402357043655018787e-01 -5.405637834527390329e-01 4.236457398192069318e-02 4.102837337507089188e+01 1.164091857906465743e-01 -1.035286087066385197e-01 9.877908324350987979e-01 3.982945454964197385e-01
-5.252459415465489112e-01 8.381803548710382579e-01 1.468686270009412209e-01 -5.658371795266878834e+00 -8.431762301613335842e-01 -5.359137807623238769e-01 4.301470074235250185e-02 4.169760869115199142e+01 1.147629983043424173e-01 -1.012428382518646558e-01 9.882202901797266792e-01 3.135860584580751897e-01
-5.238121669943999192e-01 8.395343730286892736e-01 1.442319320121532855e-01 -5.235623153931330265e+00 -8.442652650855363428e-01 -5.341828668240493627e-01 4.318364229299522655e-02 4.240351842780069802e+01 1.133003789873683054e-01 -9.914989306583475714e-02 9.886011950358705169e-01 2.152592420046836597e-01
-5.244943336448959492e-01 8.394969218418862900e-01 1.419528520051505094e-01 -4.825848861667924261e+00 -8.440075407176579336e-01 -5.345978940634751320e-01 4.308552975917397804e-02 4.311616193150814524e+01 1.120578653470111208e-01 -9.721116129794940552e-02 9.889352986585999705e-01 9.805102204795207443e-02
-5.255131714203836735e-01 8.391197123652747170e-01 1.404066059119387644e-01 -4.404473858520106866e+00 -8.434000752468808759e-01 -5.355059575042456776e-01 4.369991477127447427e-02 4.382794874166584975e+01 1.118580338520528683e-01 -9.545406118903537740e-02 9.891290625925778235e-01 -2.976285816410209617e-02
-5.257777003151139494e-01 8.390485560137005416e-01 1.398403750805738699e-01 -3.980735074581681854e+00 -8.433452283708329222e-01 -5.356450037562038302e-01 4.304945685097755909e-02 4.455120913395126792e+01 1.110253828432897355e-01 -9.529926863486774813e-02 9.892377943458080525e-01 -1.553260941713088816e-01
-5.258737310934942233e-01 8.390577998858853581e-01 1.394231953315733241e-01 -3.552025290517734746e+00 -8.433709435622077644e-01 -5.356453683163620028e-01 4.253811180835949390e-02 4.528545246471034602e+01 1.103733233204465536e-01 -9.521579623091271094e-02 9.893187967724621501e-01 -2.811016131330948964e-01
-5.258309743540764414e-01 8.392011026658001693e-01 1.387202065106187543e-01 -3.119413490049000259e+00 -8.435895340451516899e-01 -5.354010480007175277e-01 4.126034233034570065e-02 4.602610706467479673e+01 1.088966687246556986e-01 -9.532694836319162424e-02 9.894717219084295801e-01 -4.117551480695677002e-01
-5.256171777849147908e-01 8.394310721551210275e-01 1.381378207368507971e-01 -2.683113430027299184e+00 -8.437817541969616641e-01 -5.351086383640581978e-01 4.112294289641924006e-02 4.677005662207947267e+01 1.084386172067895587e-01 -9.494324751485924696e-02 9.895589148957277814e-01 -5.275498110082599279e-01
-5.255235041918808747e-01 8.397752461594106821e-01 1.363912844715102213e-01 -2.243571644909323481e+00 -8.440008563604717295e-01 -5.347898423460378803e-01 4.077228208342901367e-02 4.751345846936633421e+01 1.071802267429850242e-01 -9.368756833967581410e-02 9.898156588647805121e-01 -6.317436290664268927e-01
-5.253595453487531763e-01 8.399437344484668166e-01 1.359848192693431934e-01 -1.826601113119396214e+00 -8.441940504951992441e-01 -5.345275680170491484e-01 4.020801087206572061e-02 4.824687626763410009e+01 1.064601015379073867e-01 -9.367391307371822351e-02 9.898946634819253410e-01 -7.252725150366199358e-01
-5.244561899170609998e-01 8.406079819827420030e-01 1.353658948353788916e-01 -1.409432338453983302e+00 -8.448136945169024692e-01 -5.335500094367079393e-01 4.017721974939346408e-02 4.897445386139322920e+01 1.059977660820396322e-01 -9.328777013623548720e-02 9.899807399786241247e-01 -8.087898487296221184e-01
-5.230855968989952531e-01 8.416214466510426595e-01 1.343681467232059334e-01 -9.965868361564393929e-01 -8.459200813793302798e-01 -5.319137534871987150e-01 3.856131183384731154e-02 4.971309299044024499e+01 1.039262923230236668e-01 -9.349384679306781132e-02 9.901809058832743426e-01 -8.813385718053232676e-01
-5.210199964573455356e-01 8.431878367853115064e-01 1.325610621143928636e-01 -5.771679928938576731e-01 -8.475846242997067126e-01 -5.294252727292548810e-01 3.618266499692236737e-02 5.046424877193857128e+01 1.006899594910747181e-01 -9.350482604048393487e-02 9.905141995775844643e-01 -9.732428594668284250e-01
-5.180190905902406495e-01 8.451505467821581741e-01 1.318209962710053251e-01 -1.592486417387382613e-01 -8.497641276127257948e-01 -5.260901663514566673e-01 3.361642888351046993e-02 5.120957258711359827e+01 9.776067310859035131e-02 -9.460280197814362191e-02 9.907033666296071184e-01 -1.053153584811258314e+00
-5.151237745876718899e-01 8.469338296496462526e-01 1.317216195221374841e-01 2.414092321433001231e-01 -8.516506944034001325e-01 -5.230857651624180038e-01 3.274716791807259081e-02 5.193399715851138865e+01 9.663638847120341324e-02 -9.531196398895495914e-02 9.907456979183959511e-01 -1.126558520801389296e+00
-5.125727961435471158e-01 8.484336716883008611e-01 1.320205794529601684e-01 6.336841217327677800e-01 -8.532214875173055324e-01 -5.205315180304906919e-01 3.255813225032107294e-02 5.265162833762946093e+01 9.634428832236754947e-02 -9.595438229899283522e-02 9.907121350953937977e-01 -1.203813492682774822e+00
-5.109816620965380585e-01 8.493722028044603523e-01 1.321537063580109639e-01 1.029124113756615611e+00 -8.541315501470417848e-01 -5.190003529745538247e-01 3.313500649917116431e-02 5.335604807135327832e+01 9.673177370684432619e-02 -9.594526937471882511e-02 9.906752592248073697e-01 -1.271412139581637790e+00
-5.115620891632262079e-01 8.488783721590517084e-01 1.330779403641165204e-01 1.399768152250596698e+00 -8.535372220259100917e-01 -5.198554694228298967e-01 3.499287823917198587e-02 5.402281093637747489e+01 9.888599267463930864e-02 -9.568594563345254878e-02 9.904876376113850300e-01 -1.335411076558757015e+00
-5.138575406374638055e-01 8.473229669028489175e-01 1.341425275182040744e-01 1.788370758549355344e+00 -8.517529450119314394e-01 -5.225626008694003177e-01 3.801642850281079095e-02 5.468451287719521048e+01 1.023100610571594099e-01 -9.472126441070009839e-02 9.902325653476146128e-01 -1.420691633768059292e+00
-5.178583689729013839e-01 8.449319230920251389e-01 1.338385408794473541e-01 2.169839188292562504e+00 -8.491360535819236777e-01 -5.266940744258649110e-01 3.951347203167103472e-02 5.535110095928145313e+01 1.038781603227714873e-01 -9.318474824075942409e-02 9.902150930496171899e-01 -1.506424600605312802e+00
-5.239985798100614822e-01 8.411748421349970473e-01 1.336052892523431068e-01 2.583661690588981319e+00 -8.455893582127187447e-01 -5.325729370576230970e-01 3.667020577006570997e-02 5.607528563419906220e+01 1.020006158532464902e-01 -9.376007504785636992e-02 9.903559575690842331e-01 -1.588031794652722484e+00
-5.300208475209646775e-01 8.375557679372966913e-01 1.325829430512244778e-01 2.998656493741317153e+00 -8.421914331842057511e-01 -5.381707078234547748e-01 3.295267989002519798e-02 5.681704429333568385e+01 9.895196341807620255e-02 -9.419461150069251276e-02 9.906239872423543424e-01 -1.651935974587405376e+00
-5.354573171516012753e-01 8.345586529019377586e-01 1.296044612477237901e-01 3.409939346734639720e+00 -8.388711947675063785e-01 -5.433344486031891352e-01 3.290585890694494586e-02 5.750114783254502271e+01 9.788043777050656202e-02 -9.110176632519519091e-02 9.910196204285172117e-01 -1.699682053804499882e+00
-5.399804964784457040e-01 8.312433216134770264e-01 1.321196567354195883e-01 3.811263492105254169e+00 -8.355946700356523538e-01 -5.482701689684822410e-01 3.437105217010867630e-02 5.813018934877222677e+01 1.010079740956175698e-01 -9.183878315975473050e-02 9.906376870868752738e-01 -1.758496759442093937e+00
-5.444870382255148078e-01 8.281734801685493030e-01 1.329005340467833696e-01 4.192731052414848669e+00 -8.324314136367467754e-01 -5.529879175861316387e-01 3.552892616559314570e-02 5.874557498121406240e+01 1.029165039978262169e-01 -9.128553965040564488e-02 9.904923742541377196e-01 -1.816523402462341119e+00
-5.484166749986578715e-01 8.256236237978860082e-01 1.326076257621075505e-01 4.576778177087443389e+00 -8.295240371946972502e-01 -5.571570275235359082e-01 3.828731379122072426e-02 5.935037179222195647e+01 1.054941813543637114e-01 -8.900381176097543756e-02 9.904288461027317414e-01 -1.886997379402321817e+00
-5.517607755570905770e-01 8.234347894778897281e-01 1.323449811445127633e-01 4.970674970738543585e+00 -8.271787177745142383e-01 -5.605699487673740933e-01 3.920078315357287263e-02 5.997218927460014015e+01 1.064679079232292713e-01 -8.784349729174958932e-02 9.904282430171327256e-01 -1.965740232466128834e+00
-5.560452370811290734e-01 8.205301902604603681e-01 1.324533925217610264e-01 5.443135472276759756e+00 -8.244172842848089822e-01 -5.647370358332584050e-01 3.752628053411072306e-02 6.066439683703821828e+01 1.055927823852196856e-01 -8.833055660073743653e-02 9.904786101066245241e-01 -2.051285625053063999e+00
-5.594599994910715024e-01 8.187957176247321334e-01 1.287558999380229718e-01 5.934608115222729907e+00 -8.232322329686998508e-01 -5.669850583815847500e-01 2.857681181305478726e-02 6.138851375410468592e+01 9.640124257923055051e-02 -9.000842389148497324e-02 9.912644874390237337e-01 -2.122060475502346666e+00
-5.628531074534967038e-01 8.173174332978737633e-01 1.232420084927142029e-01 6.457129127754944520e+00 -8.220953758996907279e-01 -5.690282783638187514e-01 1.913142301696544798e-02 6.216916872462847721e+01 8.576463347027035722e-02 -9.054850440334431816e-02 9.921922172623744984e-01 -2.172679973061855563e+00
-5.650493427152066817e-01 8.157357001692246978e-01 1.236709657378711746e-01 6.926937662985203303e+00 -8.208616679931404203e-01 -5.709217174352997359e-01 1.531386888563633641e-02 6.286792469596935717e+01 8.309850971367178929e-02 -9.286366366965569108e-02 9.922051086611149984e-01 -2.219006244436947384e+00
-5.652966623696858983e-01 8.149697374619250256e-01 1.275304298390559088e-01 7.319106160818477314e+00 -8.200518297495487108e-01 -5.719418370318254397e-01 1.993819392716090003e-02 6.347861895755585948e+01 8.918901298989122262e-02 -9.331056785756057514e-02 9.916342359398386819e-01 -2.277988325919322765e+00
-5.658658681669185286e-01 8.135399363703088582e-01 1.339723522757361451e-01 7.699059032980017925e+00 -8.188507178653726681e-01 -5.735061046987456335e-01 2.396350818713240821e-02 6.407615467183644853e+01 9.632923281675462301e-02 -9.614322547046227907e-02 9.906952907433601574e-01 -2.340394050415161242e+00
-5.659205009239651751e-01 8.125213028666654624e-01 1.397967060478382539e-01 8.118794237728208074e+00 -8.187324939239111199e-01 -5.738029667814558143e-01 2.067023720066733100e-02 6.473347673921527701e+01 9.701077273737390705e-02 -1.027583947940755860e-01 9.899644550549488997e-01 -2.420792084675769562e+00
-5.649351389276877633e-01 8.125700619388828150e-01 1.434509785445706731e-01 8.550411846288744400e+00 -8.196275063508531300e-01 -5.726723920565637282e-01 1.603378337432107698e-02 6.541240215341856867e+01 9.517898737556081123e-02 -1.085183201899675987e-01 9.895275309688505994e-01 -2.494088287707946439e+00
-5.646326355033469691e-01 8.131837982467061687e-01 1.411456594926161767e-01 9.039251042653759782e+00 -8.202900107489393688e-01 -5.718027271878707296e-01 1.288174856210673284e-02 6.614420192543451549e+01 9.118270225240150684e-02 -1.085069189018504215e-01 9.899050274447425135e-01 -2.555568471831688449e+00
-5.638981905290916252e-01 8.142271573949146912e-01 1.380324848671999338e-01 9.532635056219772807e+00 -8.214558319346468851e-01 -5.702193895052077854e-01 7.756546452114510340e-03 6.689174345906943131e+01 8.502439002176839788e-02 -1.090136871814900432e-01 9.903973289082121934e-01 -2.615485578992615245e+00
-5.631447717313509127e-01 8.155617116502202890e-01 1.331430079343569051e-01 1.005159562359474279e+01 -8.227324628623131630e-01 -5.684252210830708085e-01 2.015586558087629262e-03 6.767231753677398842e+01 7.732567894404501763e-02 -1.084060077985709025e-01 9.910947870153576922e-01 -2.658244624276385970e+00
-5.612450282706981097e-01 8.177967902210108164e-01 1.273280336203926610e-01 1.053790671002128221e+01 -8.242630118699031394e-01 -5.661974547540181701e-01 3.305978406795086980e-03 6.840596514359508262e+01 7.479642708431738507e-02 -1.030963245430330938e-01 9.918551519053255827e-01 -2.694674289308550463e+00
-5.587025829946662414e-01 8.203173499885946240e-01 1.221919353426313415e-01 1.103566010422087551e+01 -8.261883958819949969e-01 -5.633757450169246672e-01 4.528182478598846705e-03 6.916422435266832736e+01 7.255451925982381312e-02 -9.842365180338064068e-02 9.924961594387463615e-01 -2.743915585223417164e+00
-5.560569646949329314e-01 8.217374151156072726e-01 1.246927127517009071e-01 1.150930370678379511e+01 -8.281960043643057379e-01 -5.604385541197878240e-01 7.356030704812940163e-05 6.993058645891160552e+01 6.994305090040613127e-02 -1.032291027532455940e-01 9.921954051372650074e-01 -2.793462002736176508e+00
-5.520249077625961620e-01 8.237274502340488080e-01 1.293892922177474203e-01 1.196589546128824111e+01 -8.308856516456837316e-01 -5.564378238044611624e-01 -2.445839136422892947e-03 7.068244502327046064e+01 6.998239134971462327e-02 -1.088578705040028211e-01 9.915908576274328201e-01 -2.834525478272877930e+00
-5.450514713365771646e-01 8.276340923635221447e-01 1.339429085522689800e-01 1.242893889315215716e+01 -8.354134003893973759e-01 -5.496110652765451299e-01 -3.482438140791271029e-03 7.144686005935827211e+01 7.073432012578553807e-02 -1.137958087241739830e-01 9.909829311714469791e-01 -2.882672315685076647e+00
-5.359296317213875227e-01 8.326577137946542528e-01 1.395011164874250531e-01 1.290643344487764033e+01 -8.415267474058113484e-01 -5.401416014255069342e-01 -8.932178350405590647e-03 7.227117759488771753e+01 6.791290925570912795e-02 -1.221809398709445826e-01 9.901816271213463860e-01 -2.930828543437165035e+00
-5.264038796633724315e-01 8.375196972392144890e-01 1.464913383503770317e-01 1.336455863510264841e+01 -8.477678635161972620e-01 -5.301423091908161744e-01 -1.545255949705894201e-02 7.311112582369766244e+01 6.471943343797428860e-02 -1.323249362069083834e-01 9.890912527129656073e-01 -2.971762648650906780e+00
-5.150387365630281211e-01 8.447508925373824473e-01 1.453651588134390327e-01 1.386204095482515264e+01 -8.548768969616824531e-01 -5.186105028194200051e-01 -1.512076077955512403e-02 7.395115691832724281e+01 6.261462194028900863e-02 -1.320570934205487768e-01 9.892625198583989699e-01 -3.010442710607226235e+00
-5.027585889379994066e-01 8.523963804273614331e-01 1.437157329014659146e-01 1.437520606724941530e+01 -8.624145152951567805e-01 -5.059451537766210816e-01 -1.614636733665671120e-02 7.486183188493932050e+01 5.894917350813522888e-02 -1.320602589891580469e-01 9.894872828583610724e-01 -3.041140985489330983e+00
-4.903854796537818750e-01 8.596981432127919209e-01 1.429726683712972679e-01 1.490846530641727163e+01 -8.699023341254020769e-01 -4.927981280913881768e-01 -2.049229203384321865e-02 7.584816357717379276e+01 5.283947792993684556e-02 -1.344213803905501547e-01 9.895144678406618821e-01 -3.075214217374993009e+00
-4.775615941128616426e-01 8.669031521421466380e-01 1.428770402632745795e-01 1.541330280751366466e+01 -8.771638321311248099e-01 -4.797241259145447745e-01 -2.117485812384915095e-02 7.680300948824427110e+01 5.018501199982908223e-02 -1.354388711616260621e-01 9.895139093257048213e-01 -3.088223379065031970e+00
-4.640701176324335542e-01 8.741126139551934626e-01 1.434087307141333756e-01 1.591892371564961728e+01 -8.846066872196873820e-01 -4.657271355949299529e-01 -2.385883686919829799e-02 7.780271827894013370e+01 4.593402711313256809e-02 -1.379324954278716986e-01 9.893759102879995382e-01 -3.105456793291949236e+00
-4.489742058190397400e-01 8.815734498467815428e-01 1.457752209204535021e-01 1.638028937436412136e+01 -8.925004093088698687e-01 -4.503265571087572972e-01 -2.547570109087414145e-02 7.880055741140394332e+01 4.318775165092903628e-02 -1.415423770035542095e-01 9.889896731612107805e-01 -3.114849912083118344e+00
