1.000000000000000000e+00 0.000000000000000000e+00 0.000000000000000000e+00 0.000000000000000000e+00 0.000000000000000000e+00 1.000000000000000000e+00 0.000000000000000000e+00 0.000000000000000000e+00 0.000000000000000000e+00 0.000000000000000000e+00 1.000000000000000000e+00 0.000000000000000000e+00
1.000000000000000000e+00 -3.069024559146349981e-13 9.452332668116701252e-13 -1.000000000000000000e+00 3.069024559066805539e-13 1.000000000000000000e+00 8.361562203881715696e-12 3.394455443317230143e-11 -9.452332668143528077e-13 -8.360474973187346236e-12 1.000000000000000000e+00 -4.985023310211017318e-11
9.999999999503376147e-01 -4.688222297006777273e-06 8.794592347498026490e-06 -1.999996331659458892e+00 4.688088981082737123e-06 9.999999998741161411e-01 1.515881125048498435e-05 -2.307910069120616171e-03 -8.794663414268784202e-06 -1.515877001824803656e-05 9.999999998464329520e-01 -1.417821823422626623e-03
9.999999999504849413e-01 -4.685593116261706597e-06 8.779214389848535738e-06 -2.999996331607303723e+00 4.685460489756515198e-06 9.999999998749140584e-01 1.510688497395746038e-05 -2.310345445400956241e-03 -8.779285173488258015e-06 -1.510684383689369527e-05 9.999999998473537710e-01 -1.407903198628221789e-03
9.999999997875799185e-01 -1.975728514489961593e-05 5.872739564047148035e-06 -3.999893515829227475e+00 1.975115920806852003e-05 9.999994576621230591e-01 1.041290233900351182e-03 -8.107246010442237596e-03 -5.893309447130711624e-06 -1.041290117682414865e-03 9.999994578399331591e-01 1.170761924260577125e-02
9.999999997875799185e-01 -1.975728512052763879e-05 5.872739667234387265e-06 -2.999893516041647779e+00 1.975115918357659285e-05 9.999994576621208386e-01 1.041290236025923903e-03 -8.087494847291354025e-03 -5.893309550334499337e-06 -1.041290119805792728e-03 9.999994578399309386e-01 1.170172589299228391e-02
9.999999997873624258e-01 -1.976400606526982349e-05 5.887143473190100847e-06 -1.999901079393578307e+00 1.975786529546790117e-05 9.999994576917933253e-01 1.041261612492086486e-03 -4.198212464122655016e-03 -5.907719781363623478e-06 -1.041261495947725085e-03 9.999994578696512759e-01 1.169035925257648142e-02
9.999966239830609949e-01 8.622892619296735044e-04 -2.451220044786732964e-03 -1.509438986258236470e+00 -8.602238980677325052e-04 9.999992742479318908e-01 8.435155336176874486e-04 -2.961858247914496145e-01 2.451945620196121969e-03 -8.414040878267216132e-04 9.999966399952737728e-01 8.327812004173549276e-01
9.999966239830609949e-01 8.622892619485635589e-04 -2.451220044801820288e-03 -2.509435610241302683e+00 -8.602238980877397216e-04 9.999992742479322239e-01 8.435155331567149341e-04 -2.953256008942518052e-01 2.451945620210828521e-03 -8.414040873659181258e-04 9.999966399952741058e-01 8.303292547991234507e-01
9.999966249081754244e-01 8.625698962372694992e-04 -2.450743852603713344e-03 -3.509435073902000823e+00 -8.605953209246401843e-04 9.999993043496658851e-01 8.066448281149710435e-04 -2.953840482226040010e-01 2.451437935289118610e-03 -8.045330069184311768e-04 9.999966715838063402e-01 8.292952034343898937e-01
9.999965389361048507e-01 8.596763599442783493e-04 -2.486578445606984177e-03 -2.509444011315908885e+00 -8.561931229939862996e-04 9.999986513076176697e-01 1.401540681939388803e-03 -2.957376793457508479e-01 2.487779963369837755e-03 -1.399406839748703908e-03 9.999959262973779905e-01 8.335082418825743300e-01
9.999965389361048507e-01 8.596763599506594212e-04 -2.486578445604480537e-03 -1.509755118969027032e+00 -8.561931230007423970e-04 9.999986513076178918e-01 1.401540681788317373e-03 -2.985126713653478148e-01 2.487779963367210516e-03 -1.399406839597776026e-03 9.999959262973782126e-01 8.582956971282057479e-01
9.999965389361048507e-01 8.596763599492939769e-04 -2.486578445599509253e-03 -2.508345886801991664e+00 -8.561931229994103462e-04 9.999986513076178918e-01 1.401540681767416774e-03 -2.780274823827477704e-01 2.487779963362108694e-03 -1.399406839577473907e-03 9.999959262973782126e-01 8.093382111723655958e-01
9.999965389361048507e-01 8.596763599363922963e-04 -2.486578445600484601e-03 -1.508349347865897805e+00 -8.561931229844854359e-04 9.999986513076167816e-01 1.401540682579560096e-03 -2.788836755080125740e-01 2.487779963363761452e-03 -1.399406840390156077e-03 9.999959262973771024e-01 8.118259911394476447e-01
9.999964872722391096e-01 8.545151724903904877e-04 -2.509033080928044137e-03 -5.083494320795550747e-01 -8.484050007591840492e-04 9.999966746955687436e-01 2.435324775206479733e-03 -2.789619112213509999e-01 2.511105759599963679e-03 -2.433187544358410628e-03 9.999938869544345854e-01 8.114231183562095051e-01
9.999966197160589099e-01 8.377260863519107653e-04 -2.461457182002433752e-03 -1.508320952602325793e+00 -8.317368532802234087e-04 9.999966938136914951e-01 2.433223272607540257e-03 -2.758463448297975296e-01 2.463487418576157557e-03 -2.431167762969594325e-03 9.999940103085854792e-01 8.045491537478710597e-01
9.999966197160577996e-01 8.377260860915486124e-04 -2.461457182556205624e-03 -5.083243328839824882e-01 -8.317368530059109349e-04 9.999966938136792827e-01 2.433223277722730213e-03 -2.766780812295142056e-01 2.463487419133549364e-03 -2.431167768086110910e-03 9.999940103085717125e-01 8.070126403922551761e-01
9.999966065670095050e-01 8.383396656225411457e-04 -2.466584900083450445e-03 4.916538224674673607e-01 -8.317316112594194330e-04 9.999960660198170537e-01 2.678836952509088508e-03 -2.783192694437523484e-01 2.468820971862724454e-03 -2.676776325422220056e-03 9.999933698737772936e-01 8.134153992629051810e-01
9.999966065670095050e-01 8.383396656224367371e-04 -2.466584900082357135e-03 1.491650429034476311e+00 -8.317316112592983276e-04 9.999960660198170537e-01 2.678836952516836217e-03 -2.791510010550626308e-01 2.468820971861637216e-03 -2.676776325430158150e-03 9.999933698737772936e-01 8.158842202349978479e-01
9.999966365811830959e-01 8.348483259502941130e-04 -2.455576224159803679e-03 4.916512252630567126e-01 -8.282745828386375332e-04 9.999960741638812545e-01 2.676867206748945530e-03 -2.804082465579386119e-01 2.457801362076687986e-03 -2.674824311951155571e-03 9.999934022419174617e-01 8.159928032497045791e-01
9.999966365811832070e-01 8.348483259113049018e-04 -2.455576224119810497e-03 -5.083454113181196110e-01 -8.282745828015283286e-04 9.999960741638834749e-01 2.676867206027492684e-03 -2.795799719737523392e-01 2.457801362035992240e-03 -2.674824311229829360e-03 9.999934022419196822e-01 8.135350018853191312e-01
9.999966365811830959e-01 8.348483257418076731e-04 -2.455576224134878738e-03 4.916469924668167568e-01 -8.282745825922644073e-04 9.999960741638403983e-01 2.676867222193395502e-03 -2.789308741803325775e-01 2.457801362063998050e-03 -2.674824327396459027e-03 9.999934022418761614e-01 8.096916902302704333e-01
9.999966365811833180e-01 8.348483257428564218e-04 -2.455576224133850047e-03 -5.083389242780684825e-01 -8.282745825934601739e-04 9.999960741638407313e-01 2.676867222135254076e-03 -2.742325103809182818e-01 2.457801362062927292e-03 -2.674824327338290279e-03 9.999934022418762725e-01 8.072235554085721576e-01
9.999966427729604090e-01 8.298749990968624013e-04 -2.454740371878636786e-03 -1.508337421415030022e+00 -8.221202953006829638e-04 9.999946743096951307e-01 3.158396819524170260e-03 -2.738150410188657236e-01 2.457348373249762519e-03 -3.156368124190278394e-03 9.999919993576135147e-01 8.089062446696179132e-01
9.999964213757275289e-01 8.499801382505605936e-04 -2.536684746294818899e-03 -5.083424600911684577e-01 -8.433999684026657765e-04 9.999962800504124116e-01 2.593947153153565444e-03 -2.747414265297978275e-01 2.538880113515670257e-03 -2.591798430557199894e-03 9.999934183126731879e-01 8.119425478121036210e-01
9.999964549723228124e-01 8.415450094733836327e-04 -2.526231340092763289e-03 -1.508317315917461654e+00 -8.345057637990983303e-04 9.999957702711017582e-01 2.786223257242536298e-03 -2.718786650453906550e-01 2.528565387096842840e-03 -2.784105225391133535e-03 9.999929275325788458e-01 8.054546890076140775e-01
9.999964549723314722e-01 8.415450073920141593e-04 -2.526231337377487368e-03 -5.083208609497917863e-01 -8.345057617617084337e-04 9.999957702711436136e-01 2.786223242840515490e-03 -2.727131709451108832e-01 2.528565384363765621e-03 -2.784105210995917179e-03 9.999929275326258082e-01 8.079832561900077703e-01
9.999963552218203988e-01 8.646204874824020732e-04 -2.557728384053642185e-03 4.908095134889376432e-01 -8.594024649321391164e-04 9.999975488978812832e-01 2.040496418975216650e-03 -2.902844245468089723e-01 2.559486369809033796e-03 -2.038290863741150111e-03 9.999946471856124841e-01 8.457952373704236138e-01
9.999963620471695736e-01 8.638960371393423392e-04 -2.555303516589175171e-03 -5.091876298179129900e-01 -8.586512868839052924e-04 9.999975241948274585e-01 2.052881434965255110e-03 -2.894131047629828757e-01 2.557070666292264247e-03 -2.050679852027411862e-03 9.999946280364470086e-01 8.435694386437819769e-01
9.999963620502752004e-01 8.638955404979718408e-04 -2.555302469150077041e-03 -1.509183992003642505e+00 -8.586507971065438297e-04 9.999975241990342045e-01 2.052879590438494613e-03 -2.885544688168807381e-01 2.557069616253484362e-03 -2.050678009664341599e-03 9.999946280429105050e-01 8.410124170134102295e-01
9.999963620502752004e-01 8.638955404609422167e-04 -2.555302469168515417e-03 -5.093571802867372655e-01 -8.586507970659405667e-04 9.999975241990314290e-01 2.052879591821956968e-03 -2.971956518883937526e-01 2.557069616273034696e-03 -2.050678011047846454e-03 9.999946280429076184e-01 8.574950298867306531e-01
9.999964105513210466e-01 8.647728984372190239e-04 -2.535951952833966506e-03 -1.509345547587470637e+00 -8.610194769887736512e-04 9.999985329340052020e-01 1.480802248811781538e-03 -2.960557827624766269e-01 2.537228790078175505e-03 -1.478613429522987856e-03 9.999956880769005352e-01 8.528082440384174845e-01
9.999964077220560021e-01 8.711974702561177787e-04 -2.534868428582264313e-03 -5.093463721577353720e-01 -8.700165952937022849e-04 9.999995125292491238e-01 4.669179698292530000e-04 -2.960267459927889422e-01 2.535273970662564429e-03 -4.647109149291204361e-04 9.999966782093129281e-01 8.515243839546555726e-01
9.999964077220560021e-01 8.711974702529396569e-04 -2.534868428582823761e-03 4.906500355643197420e-01 -8.700165952897106862e-04 9.999995125292490128e-01 4.669179701500693986e-04 -2.968967625882208972e-01 2.535273970663401433e-03 -4.647109152498437017e-04 9.999966782093128170e-01 8.540596579256132248e-01
9.999964077220561132e-01 8.711974702295061448e-04 -2.534868428560715144e-03 -5.091282957982146140e-01 -8.700165952659335905e-04 9.999995125292490128e-01 4.669179702910510260e-04 -2.916866607442081261e-01 2.535273970641401236e-03 -4.647109153908599694e-04 9.999966782093128170e-01 8.336600751671241483e-01
9.999964077220594438e-01 8.711974692377328581e-04 -2.534868427609982596e-03 -1.509127852166111783e+00 -8.700165942847991460e-04 9.999995125292520104e-01 4.669179662674096342e-04 -2.917183756693323970e-01 2.535273969686706579e-03 -4.647109113707843559e-04 9.999966782093169249e-01 8.346014880260997915e-01
9.999964077220596659e-01 8.711974692461225229e-04 -2.534868427608770024e-03 -5.091323793002603404e-01 -8.700165942927266154e-04 9.999995125292516773e-01 4.669179664504213888e-04 -2.926216579031186149e-01 2.535273969685657072e-03 -4.647109115537012428e-04 9.999966782093170359e-01 8.374717369713305937e-01
9.999964077220596659e-01 8.711974692393580771e-04 -2.534868427610997409e-03 -1.509128787022312235e+00 -8.700165942849768467e-04 9.999995125292514553e-01 4.669179668383748928e-04 -2.917516413070864179e-01 2.535273969688218824e-03 -4.647109119419590281e-04 9.999966782093168138e-01 8.349364629991641307e-01
9.999964077220596659e-01 8.711974692598816990e-04 -2.534868427690599533e-03 -2.509128421348656879e+00 -8.700165943052067582e-04 9.999995125292513443e-01 4.669179669396172580e-04 -2.917050291701137055e-01 2.535273969767920695e-03 -4.647109120429695909e-04 9.999966782093165918e-01 8.357903801411427080e-01
9.999964077220595549e-01 8.711974692724961744e-04 -2.534868427732463181e-03 -1.509132013626584445e+00 -8.700165943177091271e-04 9.999995125292513443e-01 4.669179669757415191e-04 -2.925750457624791134e-01 2.535273969809821205e-03 -4.647109120794922421e-04 9.999966782093164808e-01 8.383256541065596812e-01
9.999964077220595549e-01 8.711974692782411449e-04 -2.534868427743433138e-03 -5.091356059045106797e-01 -8.700165943237299186e-04 9.999995125292513443e-01 4.669179668656407885e-04 -2.934450623572714689e-01 2.535273969820697922e-03 -4.647109119686411893e-04 9.999966782093164808e-01 8.408609280706099698e-01
9.999964077220594438e-01 8.711974692705464537e-04 -2.534868427787701113e-03 -1.509132013626567126e+00 -8.700165943185737783e-04 9.999995125292520104e-01 4.669179658558757630e-04 -2.925750457609243571e-01 2.535273969864082488e-03 -4.647109109590763618e-04 9.999966782093170359e-01 8.383256541002621631e-01
9.999964077220594438e-01 8.711974692661756010e-04 -2.534868427791054334e-03 -5.091356059045154536e-01 -8.700165943138050235e-04 9.999995125292521214e-01 4.669179660120732463e-04 -2.934450623566459138e-01 2.535273969867569716e-03 -4.647109111152963965e-04 9.999966782093169249e-01 8.408609280726729862e-01
9.999964077220592218e-01 8.711974692869808986e-04 -2.534868427898940690e-03 4.908608018190457889e-01 -8.700165943344756632e-04 9.999995125292521214e-01 4.669179660452850694e-04 -2.943150787440371174e-01 2.535273969975494670e-03 -4.647109111485084906e-04 9.999966782093167028e-01 8.433962015212189689e-01
9.999964077220591108e-01 8.711974693057677370e-04 -2.534868427929670882e-03 -5.091356059029861214e-01 -8.700165943529116538e-04 9.999995125292520104e-01 4.669179661783626461e-04 -2.934450621447998175e-01 2.535273970006349329e-03 -4.647109112812002540e-04 9.999966782093164808e-01 8.408609275421812246e-01
9.999964971536920988e-01 8.645244765688668131e-04 -2.501655007334113116e-03 -1.509020426021510763e+00 -8.634644639722936213e-04 9.999995369981654614e-01 4.247735600063697612e-04 -2.877866697937541685e-01 2.502021076203264291e-03 -4.226119818885039174e-04 9.999967806396420356e-01 8.267779913232252698e-01
9.999965018741451273e-01 8.642595503032804091e-04 -2.499858976635732557e-03 -2.509019565256777273e+00 -8.632277950564230893e-04 9.999995418139435710e-01 4.137749145964716361e-04 -2.874039072359317326e-01 2.500215440157203730e-03 -4.116155194062556311e-04 9.999967897425564578e-01 8.280329899489921042e-01
9.999965018741451273e-01 8.642595503080797385e-04 -2.499858976653126195e-03 -1.509029477293619248e+00 -8.632277950612145040e-04 9.999995418139435710e-01 4.137749145964208413e-04 -2.876291353381503213e-01 2.500215440174592164e-03 -4.116155194059098791e-04 9.999967897425566798e-01 8.235862779346713181e-01
9.999965019811936084e-01 8.636928570884770109e-04 -2.500012005129679474e-03 -5.090327423483471669e-01 -8.625390501769700582e-04 9.999995210313055161e-01 4.625619417115267975e-04 -2.884842005745068549e-01 2.500410319147584014e-03 -4.604039656792853594e-04 9.999967679829904199e-01 8.259943813871303275e-01
9.999963512339243854e-01 8.781657686895840776e-04 -2.554670961371359027e-03 4.904778771468348841e-01 -8.768411930696194852e-04 9.999994806004746106e-01 5.195654976533505389e-04 -3.001090185836907120e-01 2.555125899111472879e-03 -5.173235611453184512e-04 9.999966018482139285e-01 8.550354750754092237e-01
9.999963512339450356e-01 8.781657651135970234e-04 -2.554670954618191991e-03 -5.095199790196105472e-01 -8.768411896668297165e-04 9.999994806005123582e-01 5.195654312325082968e-04 -3.002968424872636266e-01 2.555125892298218491e-03 -5.173234947394757125e-04 9.999966018482656649e-01 8.570976061806486745e-01
9.999963624758195779e-01 8.902030681124758387e-04 -2.546089870393522959e-03 -1.509517569161487272e+00 -8.860363234767408211e-04 9.999982672777434356e-01 1.637186961856486279e-03 -3.024921034814378462e-01 2.547542887583827045e-03 -1.634925078440655193e-03 9.999954185121180394e-01 8.570743767239571431e-01
9.999963624758198000e-01 8.902030681139177191e-04 -2.546089870385063146e-03 -5.095198845182977720e-01 -8.860363234777987856e-04 9.999982672777434356e-01 1.637186962011787398e-03 -3.044682857701140333e-01 2.547542887575510780e-03 -1.634925078595261989e-03 9.999954185121180394e-01 8.562226656088356425e-01
9.999964008894066669e-01 8.888616485504974990e-04 -2.531429083435774753e-03 -1.509417930392876306e+00 -8.850406212563342694e-04 9.999984680659055325e-01 1.510155271854766784e-03 -3.005513678791018606e-01 2.532767524558134347e-03 -1.507909419068865532e-03 9.999956556394897778e-01 8.424911103277978874e-01
9.999964008894066669e-01 8.888616485506527568e-04 -2.531429083442335044e-03 -5.094809674206555172e-01 -8.850406212563529176e-04 9.999984680659056435e-01 1.510155271904570261e-03 -2.950086746915987490e-01 2.532767524564733235e-03 -1.507909419118446098e-03 9.999956556394898888e-01 8.327264478081739529e-01
9.999963683671345693e-01 8.927041391869783727e-04 -2.542898319582808601e-03 4.905027117228371036e-01 -8.872889375625356029e-04 9.999973381784439397e-01 2.129871914728682317e-03 -2.975528728343442286e-01 2.544792896315829864e-03 -2.127607894265843343e-03 9.999944986417503845e-01 8.378419636625816791e-01
9.999963124018643734e-01 9.079339645997899994e-04 -2.559460605352109966e-03 1.490463654634545332e+00 -9.060374785168159601e-04 9.999993142412290092e-01 7.420331289154312969e-04 -3.014415499936380916e-01 2.560132567260522962e-03 -7.397114253589068354e-04 9.999964492678198313e-01 8.457786406170727522e-01
9.999963124018644844e-01 9.079339646288752405e-04 -2.559460605313515838e-03 2.490459967037076616e+00 -9.060374785689099229e-04 9.999993142412356706e-01 7.420331199392121149e-04 -3.023475874202553038e-01 2.560132567213817701e-03 -7.397114163827241910e-04 9.999964492678266037e-01 8.483387729422714463e-01
9.999963124018644844e-01 9.079339646298961253e-04 -2.559460605321867664e-03 1.490463654635223012e+00 -9.060374785699586717e-04 9.999993142412356706e-01 7.420331199261139769e-04 -3.014415499404462517e-01 2.560132567222158685e-03 -7.397114163694172356e-04 9.999964492678266037e-01 8.457786403713027923e-01
9.999963124018644844e-01 9.079339646370482818e-04 -2.559460605331305861e-03 2.490459967037085942e+00 -9.060374785770853494e-04 9.999993142412356706e-01 7.420331199327890844e-04 -3.023475874193169988e-01 2.560132567231608158e-03 -7.397114163766211085e-04 9.999964492678266037e-01 8.483387729390876597e-01
9.999963124018644844e-01 9.079339646382289779e-04 -2.559460605340070551e-03 3.490456279438953313e+00 -9.060374785783140757e-04 9.999993142412356706e-01 7.420331199111799593e-04 -3.032536248976926418e-01 2.560132567240354200e-03 -7.397114163552885634e-04 9.999964492678266037e-01 8.508989055051559003e-01
9.967750261868985051e-01 -2.223042097073492374e-02 7.710613175081168502e-02 3.413506473313978162e+00 2.225882230429873307e-02 9.997521210681242776e-01 4.911714751177475441e-04 -2.494761970545412294e-02 -7.709793771389231165e-02 1.226704225243002971e-03 9.970227696482217850e-01 -1.065061784646691434e-01
9.967705702473707019e-01 -2.227191841209916895e-02 7.715174618229687920e-02 2.416454718115989220e+00 2.229284905481853166e-02 9.997513094348857710e-01 5.900544519822744282e-04 -4.453424179643467040e-02 -7.714570091555190967e-02 1.131783319381023285e-03 9.970191873262863602e-01 -3.231614077984146238e-02
9.967705702473707019e-01 -2.227191841210637846e-02 7.715174618229493630e-02 3.414064370243858448e+00 2.229284905482158824e-02 9.997513094348856599e-01 5.900544520344536093e-04 -2.595442115908564232e-02 -7.714570091555111864e-02 1.131783319327183323e-03 9.970191873262865823e-01 -9.887267499247132108e-02
9.967697083179986040e-01 -2.235656596862713175e-02 7.713839859463034188e-02 2.417545792100102897e+00 2.230978469812998008e-02 9.997500276045035994e-01 1.468268205560851764e-03 -4.804395416701812832e-02 -7.715194155934554376e-02 2.574157936158070646e-04 9.970193135795992756e-01 -1.848128275523831798e-02
9.967510095752577515e-01 -2.239451262092433462e-02 7.736866752876747633e-02 1.418534894496998211e+00 2.236994552378801515e-02 9.997490600084577572e-01 1.184292815993086018e-03 -6.171312835611211800e-02 -7.737577429640619953e-02 5.502878178933467979e-04 9.970018489127048245e-01 2.383160118368938055e-02
9.967510095752992738e-01 -2.239451262081006838e-02 7.736866752826641880e-02 2.415285904074625289e+00 2.236994552370514741e-02 9.997490600084600887e-01 1.184292815580832020e-03 -3.934318284306369262e-02 -7.737577429589607980e-02 5.502878182868935382e-04 9.970018489127442374e-01 -5.354417308529897668e-02
9.967481246917031523e-01 -2.239240066722403277e-02 7.740643588186113533e-02 1.418777076543639382e+00 2.238322275628049779e-02 9.997489777899564167e-01 9.862793651606203364e-04 -6.272405806386494032e-02 -7.740909030996837026e-02 7.495333894672071093e-04 9.969991328667664465e-01 2.660251322630028531e-02
9.967453650272800614e-01 -2.225994324372275804e-02 7.748014083248370987e-02 4.211688716188559667e-01 2.237420316295210890e-02 9.997494820209650301e-01 -6.068209300910400953e-04 -8.388232264852855946e-02 -7.744722286472349726e-02 2.338402361549397034e-03 9.969937108853497154e-01 9.240674794199174591e-02
9.967453650273296883e-01 -2.225994324360975815e-02 7.748014083187822199e-02 -5.755764936393183984e-01 2.237420316281697741e-02 9.997494820209684718e-01 -6.068209298288935625e-04 -1.062565251719571613e-01 -7.744722286412429602e-02 2.338402361264119590e-03 9.969937108853971219e-01 1.698539680198626889e-01
9.967412128772237256e-01 -2.225269296940447783e-02 7.753561896091064332e-02 -1.572685666162819240e+00 2.236843699727995502e-02 9.997496001538824784e-01 -6.245145776421523768e-04 -1.295216215682810645e-01 -7.750230692270240751e-02 2.356830025350325000e-03 9.969893869916037765e-01 2.421867638953859037e-01
9.967362676776904129e-01 -2.226729004602164344e-02 7.759497722117976448e-02 -2.570435451285841388e+00 2.238892071912612983e-02 9.997490931707643247e-01 -6.978060432811414001e-04 -1.459719803331427646e-01 -7.755996986191837639e-02 2.432796384349999400e-03 9.969847203326508422e-01 3.071848560479370494e-01
9.967365689036236098e-01 -2.243029585883627927e-02 7.754414251198535335e-02 -3.566403965649974417e+00 2.240129573089394768e-02 9.997482856186207245e-01 1.243926128504544478e-03 -1.706060772212156795e-01 -7.755252516721167222e-02 4.972226073137891739e-04 9.969881436656461426e-01 3.934395931109688216e-01
9.967365689035966314e-01 -2.243029585886231053e-02 7.754414251232519262e-02 -2.569667396751513344e+00 2.240129573093272569e-02 9.997482856186200584e-01 1.243926128343684654e-03 -1.482047814776498162e-01 -7.755252516754780612e-02 4.972226074845749770e-04 9.969881436656198304e-01 3.158870678810621335e-01
9.967300606695721488e-01 -2.238389431112686526e-02 7.764114523306510363e-02 -3.566472396255384147e+00 2.239567513423136244e-02 9.997489267969903448e-01 7.190991276606630272e-04 -1.712929268427643981e-01 -7.763774786091831581e-02 1.022078148548519021e-03 9.969811108859314430e-01 3.923509842579386842e-01
9.967281892595378778e-01 -2.238819367450622239e-02 7.766392675752406549e-02 -4.562977885976740033e+00 2.240943398118503890e-02 9.997486981798008321e-01 5.981274476617699050e-04 -1.948111420457709075e-01 -7.765780066450579666e-02 1.144234151537212949e-03 9.969794163994368796e-01 4.724989880313814616e-01
9.967091090611168713e-01 -2.231819682332821658e-02 7.792849289670696067e-02 -5.551984357692646199e+00 2.245843172698466783e-02 9.997473510997753054e-01 -9.234789406466771241e-04 -1.727632852906543504e-01 -7.788819396392035466e-02 2.670591609476123153e-03 9.969585233004920610e-01 3.262796633285138803e-01
9.967078860129737761e-01 -2.246710218825931013e-02 7.790134324139429134e-02 -6.549588953124320767e+00 2.247375956746724968e-02 9.997471199729796032e-01 7.913511504712727367e-04 -1.915652455044535574e-01 -7.789942291477439107e-02 9.619901257100858111e-04 9.969607587485812550e-01 3.928496074904713198e-01
9.967085276278279116e-01 -2.262718145503820819e-02 7.784678293526783865e-02 -7.545258028104840697e+00 2.247444924552143009e-02 9.997433905867105786e-01 2.837623883762595278e-03 -2.159187994696651347e-01 -7.789101414849088079e-02 -1.078720351140476747e-03 9.969612962785101562e-01 4.825713859876781253e-01
9.967085276278099260e-01 -2.262718145519096100e-02 7.784678293545257977e-02 -6.548549500475688845e+00 2.247444924560202187e-02 9.997433905867061377e-01 2.837623884689663596e-03 -1.934443502293556882e-01 -7.789101414869663287e-02 -1.078720352053947869e-03 9.969612962784930588e-01 4.046803718546208017e-01
9.967038534537437933e-01 -2.250485344842586763e-02 7.794203026432901249e-02 -5.619223564645968949e+00 2.249098221685746218e-02 9.997464882552280496e-01 1.055907319611992931e-03 -9.329614812991073036e-02 -7.794603408372818842e-02 7.005659222737762280e-04 9.969573335795323121e-01 4.925999735357039500e-02
9.967038534537591143e-01 -2.250485344841793994e-02 7.794203026413482061e-02 -4.622519711190610003e+00 2.249098221683783552e-02 9.997464882552283827e-01 1.055907319759472615e-03 -7.080516591551848371e-02 -7.794603408353736884e-02 7.005659221208139498e-04 9.969573335795473001e-01 -2.868603671022062346e-02
9.966949382025696025e-01 -2.262804378817572654e-02 7.802032937445915750e-02 -5.620341808683200213e+00 2.252886197915880684e-02 9.997438783322976086e-01 2.151305424090312404e-03 -8.847552911653998320e-02 -7.804902651092267274e-02 -3.864859946728437618e-04 9.969494471081655762e-01 3.486567467376368301e-02
9.966974132774250039e-01 -2.260476451750575294e-02 7.799545491373650885e-02 -4.622949963008366581e+00 2.250646122638346944e-02 9.997444086475579805e-01 2.139294513907604757e-03 -6.780100335672648026e-02 -7.802387819865079510e-02 -3.768276263999619457e-04 9.969514192937315444e-01 -3.428683913418682089e-02
9.966974132774233386e-01 -2.260476451748308704e-02 7.799545491376493056e-02 -3.626252549731328045e+00 2.250646122638500640e-02 9.997444086475586467e-01 2.139294513596854633e-03 -4.529454212803592228e-02 -7.802387819867218077e-02 -3.768276260899802504e-04 9.969514192937299901e-01 -1.123107173371110379e-01
9.966962988048726491e-01 -2.272999777592900686e-02 7.797329767155292135e-02 -4.622640934906034893e+00 2.252235595242740862e-02 9.997400669271233609e-01 3.541477503928901985e-03 -6.876245928627905402e-02 -7.803352760847415137e-02 -1.773635155523575974e-03 9.969491575739035660e-01 -3.070530848943947566e-02
9.966962988048665428e-01 -2.272999777587941458e-02 7.797329767164479231e-02 -3.625944636092198525e+00 2.252235595248081729e-02 9.997400669271268026e-01 3.541477502607895313e-03 -4.624010340264612939e-02 -7.803352760853607406e-02 -1.773635154201734249e-03 9.969491575739010125e-01 -1.087388360032811307e-01
9.966954926219632194e-01 -2.272858668709010557e-02 7.798401332498794414e-02 -4.623485091718640305e+00 2.253148363815552641e-02 9.997403301110628915e-01 3.406551701406995702e-03 -6.621244229860295816e-02 -7.804118933055799456e-02 -1.638199205907589062e-03 9.969487895931450350e-01 -4.155144829087006886e-02
9.966954926219612210e-01 -2.272858668707724433e-02 7.798401332501671279e-02 -3.626789599097072880e+00 2.253148363817035482e-02 9.997403301110637797e-01 3.406551701052118117e-03 -4.368095865845300629e-02 -7.804118933057871410e-02 -1.638199205552128175e-03 9.969487895931439247e-01 -1.195926376259144330e-01
9.966954503455009995e-01 -2.256009128119249377e-02 7.803346424429687123e-02 -4.623867584112809404e+00 2.251083148975901310e-02 9.997454573367211550e-01 1.510960038482162112e-03 -6.102115716757220559e-02 -7.804768879487317124e-02 2.506311681551949208e-04 9.969495952443129250e-01 -4.519633857397813148e-02
9.966926282261691084e-01 -2.256121505198651830e-02 7.806917711230118573e-02 -5.620487589790569949e+00 2.251795895748593540e-02 9.997454095094263637e-01 1.434464787457249459e-03 -8.415963505354123741e-02 -7.808166471075532467e-02 3.282380469495233813e-04 9.969469122755658663e-01 3.362735788833803863e-02
9.966920545946124088e-01 -2.241624618722214829e-02 7.811824508298982617e-02 -4.623871975976522108e+00 2.251990908223069909e-02 9.997462951227904515e-01 -4.461873942395600673e-04 -6.140150456902247061e-02 -7.808842425673781507e-02 2.203927207629966228e-03 9.969440007853831442e-01 -4.536242498831467851e-02
9.966890234777614488e-01 -2.238476953129159633e-02 7.816592973910917175e-02 -5.623682970051169683e+00 2.254214912163013396e-02 9.997452531513328911e-01 -1.131509771928969474e-03 -6.129335866508335562e-02 -7.812068862936759339e-02 2.889791414048640487e-03 9.969397209027531792e-01 -2.592111762663647234e-02
9.966869892557134181e-01 -2.242833924555434622e-02 7.817937737709496071e-02 -4.627433688311377580e+00 2.254857204665683401e-02 9.997455338181056028e-01 -6.553696795249931793e-04 -3.810053854294955661e-02 -7.814478451592686559e-02 2.416031756085295842e-03 9.969390931463744110e-01 -1.092845492242676270e-01
9.966831821055712748e-01 -2.245658203633996153e-02 7.821979564765343951e-02 -5.624318055069015720e+00 2.257401329453588221e-02 9.997449839229364255e-01 -6.172881942014832530e-04 -5.916257901080392012e-02 -7.818598615924508832e-02 2.380975468518619752e-03 9.969359470518291966e-01 -3.327172290162566659e-02
9.966830826274377664e-01 -2.264849612334535883e-02 7.816571132934278798e-02 -4.627749178986343637e+00 2.258887903370022585e-02 9.997434821960594631e-01 1.646921524308189938e-03 -3.683596788207015721e-02 -7.818296072848748834e-02 1.242169761082687757e-04 9.969390198110782420e-01 -1.129711435948096143e-01
9.966800971556509792e-01 -2.246331206442515188e-02 7.825716289836755213e-02 -5.624289713421071646e+00 2.257901231654646165e-02 9.997448852471882974e-01 -5.938222840184562493e-04 -6.238298274132569182e-02 -7.822385912632187632e-02 2.358820296668644699e-03 9.969330287588008543e-01 -3.388692734193810008e-02
9.966800853530832782e-01 -2.230567162374008650e-02 7.830239124054703959e-02 -4.627670235422495892e+00 2.257972331778229300e-02 9.997416225000395062e-01 -2.616168169313981984e-03 -3.592244147150167738e-02 -7.822380427635979017e-02 4.375529043622075967e-03 9.969262215380457759e-01 -1.116651751337090631e-01
9.966734891891233517e-01 -2.224911042370496250e-02 7.840237900048294128e-02 -5.624868856934809536e+00 2.260633021158137135e-02 9.997377025078115764e-01 -3.671514507214086124e-03 -5.448964356859074820e-02 -7.830012632139585205e-02 5.431691243571425826e-03 9.969150349695256041e-01 -3.920713030617194172e-02
9.966734891891233517e-01 -2.224911042368059658e-02 7.840237900049311370e-02 -4.627236880050454637e+00 2.260633021157529288e-02 9.997377025078109103e-01 -3.671514507447853123e-03 -3.566278415952385539e-02 -7.830012632140082030e-02 5.431691243803318456e-03 9.969150349695241609e-01 -1.053583817123891625e-01
9.966740771858960679e-01 -2.237003973218305852e-02 7.836048231109089823e-02 -3.630189585060277224e+00 2.261545448477806156e-02 9.997417156353886059e-01 -2.245715223806542867e-03 -1.570964225099462722e-02 -7.829000628492235880e-02 4.010404069419944151e-03 9.969225604705260757e-01 -1.795106822886446407e-01
9.966729827901034122e-01 -2.218614355998352328e-02 7.842665624784642131e-02 -4.626615828252709228e+00 2.260760412620929638e-02 9.997343325992464891e-01 -4.490039868616627766e-03 -4.080313282139931552e-02 -7.830620417281561330e-02 6.248140226093787039e-03 9.969097748200503872e-01 -9.885673874951357576e-02
9.966721266826898962e-01 -2.218430683559972916e-02 7.843805469306081024e-02 -5.623058158025767916e+00 2.261386694857658169e-02 9.997337264477873520e-01 -4.592300563176767922e-03 -6.289054669122581820e-02 -7.831529170883373692e-02 6.350805701201098219e-03 9.969084122182484409e-01 -1.752513612798765885e-02
9.966743530067826429e-01 -2.241902246896918666e-02 7.834297345678488400e-02 -4.626128658272233629e+00 2.262329349637006576e-02 9.997425797523705748e-01 -1.720703769271720619e-03 -3.946834973271131503e-02 -7.828422989269136212e-02 3.487357397845764536e-03 9.969249809732384504e-01 -9.224443223554167071e-02
9.966746014735993198e-01 -2.241371817482553166e-02 7.834133018416682137e-02 -5.621904789520661971e+00 2.261961835113143054e-02 9.997426264965059151e-01 -1.741732334963338276e-03 -6.340835239731532069e-02 -7.828212850385656008e-02 3.507991370708011831e-03 9.969250735905144101e-01 -3.605994138207960220e-03
9.966664622021840225e-01 -2.244325486360129740e-02 7.843636549785817924e-02 -6.618923137570229542e+00 2.265927135057270100e-02 9.997415062229315641e-01 -1.864981762524297974e-03 -8.453607906470375633e-02 -7.837423392446830894e-02 3.636075664894362122e-03 9.969173779258319046e-01 7.061012822333743999e-02
9.966634081678421575e-01 -2.230616016834331000e-02 7.851424098728293499e-02 -7.615283095356979892e+00 2.267281592425618095e-02 9.997357870397323154e-01 -3.781471951641049607e-03 -1.081688857239400253e-01 -7.840914638822261973e-02 5.548993656549517338e-03 9.969058202418489278e-01 1.525144929946771477e-01
9.966641212233053881e-01 -2.216761121570721624e-02 7.854442360326695238e-02 -6.618129555532870079e+00 2.266681247548556905e-02 9.997281120219921879e-01 -5.469702473931289076e-03 -8.522377775263752231e-02 -7.840181808084149828e-02 7.231807930342376740e-03 9.968956093170844301e-01 8.069290824164319920e-02
9.966673430493108166e-01 -2.220832019059621604e-02 7.849202388359396987e-02 -5.620611155914225776e+00 2.265676778884757187e-02 9.997316482971023710e-01 -4.827242124662484146e-03 -6.561784894036157278e-02 -7.836375547657839502e-02 6.589530141048452125e-03 9.969030544241155312e-01 1.307153604563776605e-02
9.965959679225032675e-01 -2.249070491297663899e-02 7.931358593034193438e-02 -5.181018283912697697e+00 2.293852194296923039e-02 9.997256432007641802e-01 -4.739465993011956514e-03 2.311752592392223027e-01 -7.918523177767557153e-02 6.542669129978293842e-03 9.968384485707678655e-01 -8.346736838303312478e-01
9.965953104061094914e-01 -2.241147453046884314e-02 7.934426939561643743e-02 -6.177152910783235029e+00 2.291915262644700704e-02 9.997222288557001679e-01 -5.493411934798438437e-03 2.071838278652217147e-01 -7.919911438545007565e-02 7.293211992658931581e-03 9.968321369916773866e-01 -7.501738828239087331e-01
9.965874905982430310e-01 -2.246039459700134230e-02 7.942861107716255031e-02 -7.174104037082969398e+00 2.296674587050184790e-02 9.997212813400195852e-01 -5.467011980763067901e-03 1.879994768720594789e-01 -7.928368159476394117e-02 7.272572476433186890e-03 9.968255652431669001e-01 -6.745404745530492185e-01
9.965783989122933839e-01 -2.262562557380338318e-02 7.949576019390681980e-02 -6.182680499705823784e+00 2.300484686784392066e-02 9.997279108956533822e-01 -3.857615430364687466e-03 2.205843521444080246e-01 -7.938684930138056872e-02 5.673203999113136768e-03 9.968277398399326694e-01 -8.011011139243625623e-01
9.965792718765380531e-01 -2.250970563562204249e-02 7.951772140994785298e-02 -5.185694552842465832e+00 2.299529611797528073e-02 9.997220695714063021e-01 -5.196149374298193735e-03 2.437824557799715131e-01 -7.937865722270082136e-02 7.006908310445276317e-03 9.968199095189935743e-01 -8.751340102927388509e-01
9.965772901867540057e-01 -2.252645074005502068e-02 7.953781302679148457e-02 -6.181940350908613269e+00 2.300695298656470211e-02 9.997221438917116565e-01 -5.129827174760103956e-03 2.199085926407818858e-01 -7.940015616044424074e-02 6.942191989907318776e-03 9.968186500924212101e-01 -7.919213400173665818e-01
9.965766505896218597e-01 -2.252879462864524479e-02 7.954516272001467547e-02 -7.178543718103478355e+00 2.300857925894563005e-02 9.997221564251561610e-01 -5.120081359701792074e-03 2.005396715211981984e-01 -7.940771234620770669e-02 6.932774713303660984e-03 9.968181137272342784e-01 -7.118802668703722025e-01
9.965644896227410232e-01 -2.269089582592919568e-02 7.965137330633254020e-02 -8.175913287780126382e+00 2.304011938385373826e-02 9.997285261750036289e-01 -3.467975020444799810e-03 1.801393350936232873e-01 -7.955105858343834713e-02 5.291237906336558605e-03 9.968167493976404225e-01 -6.423262033178972485e-01
9.965636701570901312e-01 -2.256029118942354597e-02 7.969871131004134523e-02 -9.172639958030336160e+00 2.303693337070916031e-02 9.997217787935092081e-01 -5.066034625297002186e-03 1.597386577873269875e-01 -7.956224622210182618e-02 6.884639961506448802e-03 9.968061249353856734e-01 -5.640973264412925126e-01
9.965629492936542988e-01 -2.237376243320139332e-02 7.976028366122107915e-02 -8.176160139935644722e+00 2.304989490247334391e-02 9.997056830762458546e-01 -7.566344563311667298e-03 1.836183815157721999e-01 -7.956752126414821935e-02 9.378804809166130935e-03 9.967853568247458940e-01 -6.444573346831115046e-01
9.965628413182973100e-01 -2.236112076026330886e-02 7.976517775288607948e-02 -9.171744524087529271e+00 2.305500562515879620e-02 9.997038579569035299e-01 -7.788652111659843773e-03 1.585514585887680128e-01 -7.956739293974926519e-02 9.600867900219037243e-03 9.967832529273046305e-01 -5.539952796108990052e-01
9.965551843608974059e-01 -2.253188881354908218e-02 7.981277159649204089e-02 -1.016835241055759376e+01 2.308918034357097110e-02 9.997150037457569471e-01 -6.066385801520435619e-03 1.358448877722618908e-01 -7.965333812516570133e-02 7.888299697949604020e-03 9.967914127105018673e-01 -4.748932425484401199e-01
9.965538672799172382e-01 -2.255408857634220998e-02 7.982294593620160861e-02 -1.116531628081867211e+01 2.307707154220027188e-02 9.997178066404147634e-01 -5.635233369092077123e-03 1.130343441339317495e-01 -7.967332287836086102e-02 7.457893441071722709e-03 9.967931287117437478e-01 -4.004437933027940044e-01
9.965511597509731923e-01 -2.255573568682863947e-02 7.985627581235407724e-02 -1.216157146198890615e+01 2.309000002393082202e-02 9.997167213462972990e-01 -5.773123895608781378e-03 8.958251150674756413e-02 -7.970343717737546352e-02 7.597094723972479605e-03 9.967896700176381852e-01 -3.172234500092591114e-01
9.965528080750045703e-01 -2.228726305285152337e-02 7.991106696471073079e-02 -1.116460568795535124e+01 2.306322683358463799e-02 9.996952735511170918e-01 -8.800432238782667643e-03 1.096379829182397431e-01 -7.969057840076346211e-02 1.061310252375372715e-02 9.967631482799595988e-01 -3.924366368327055210e-01
9.965528080749702644e-01 -2.228726306145653244e-02 7.991106696274113963e-02 -1.016805287981170913e+01 2.306322683498350165e-02 9.996952735518789268e-01 -8.800432148572718757e-03 1.327012097467178964e-01 -7.969057840079017685e-02 1.061310243392058449e-02 9.967631482809139465e-01 -4.721272143766065965e-01
9.965530910299547074e-01 -2.237975179806197049e-02 7.988168418419033801e-02 -1.116403740987286675e+01 2.305972221073422299e-02 9.997052028335524643e-01 -7.599778884877979659e-03 1.082620560049797759e-01 -7.968805412487796336e-02 9.415632585882250868e-03 9.967753808621092615e-01 -3.860020517163990084e-01
9.965495158807782250e-01 -2.253225294761174169e-02 7.988341489254371930e-02 -1.216034664269717425e+01 2.308125016229710044e-02 9.997158526513342247e-01 -5.955656854698383393e-03 8.534777252469322173e-02 -7.972652186528027263e-02 7.778916038254003566e-03 9.967864215450267240e-01 -3.032805418073874493e-01
9.965709228146426568e-01 -2.247838210501190703e-02 7.963113799460101727e-02 -1.315155821627878652e+01 2.301882003445545471e-02 9.997177681566251639e-01 -5.875198393837027105e-03 4.982992973220842781e-02 -7.947659859729526433e-02 7.688066719702606883e-03 9.968070845983802997e-01 -1.758517411333035130e-01
9.965649706496960691e-01 -2.248754966719559642e-02 7.970300737073311714e-02 -1.414904339721689830e+01 2.305975141257653876e-02 9.997144523323909793e-01 -6.265912746565075603e-03 3.414283193351971141e-02 -7.953934333877818452e-02 8.082320689179462239e-03 9.967989611519055826e-01 -1.067342413845280835e-01
9.965638700233320213e-01 -2.224234194205759740e-02 7.978553245454540754e-02 -1.514480861387869659e+01 2.305181464871826347e-02 9.996915815257407800e-01 -9.238813125842924856e-03 8.965567979558528716e-03 -7.955543228167395731e-02 1.104626866890547239e-02 9.967692376588350722e-01 -1.831626433078703542e-02
9.965620331176096025e-01 -2.229567373051708976e-02 7.979359047819689632e-02 -1.414857155481752216e+01 2.304779968098603221e-02 9.996980823405685612e-01 -8.517223401116319828e-03 3.470293873829669723e-02 -7.957960215008082205e-02 1.032700815830303251e-02 9.967750196629817649e-01 -1.010768219628655762e-01
